200501010001
200501010002
200501010003
200501010004
200501010005
200501010006
200501010007
200501010019
200501010020
200501010021
200501010022
200501020001
200501020002
200501020003
200501020004  200501020005
200501020005  200501020004
200501020006
200501020007
200501020008
200501020009
200501020011
200501020012
200501020013
200501020014
200501020015
200501020016
200501020017
200501020018
200501020019
200501020020
200501020021
200501020022
200501020023
200501020024
200501030001
200501030002
200501030003
200501030004
200501030005
200501030006
200501030007
200501040001
200501040002
200501040003
200501050001
200501050002
200501050003
200501050004
200501050005
200501050006
200501050008
200501060001
200501060002
200501060003
200501070001
200501070002
200501070003
200501070004
200501080001
200501080002
200501080003
200501080004
200501090001
200501090002
200501090003
200501090004
200501100001
200501100003
200501100004
200501100005
200501100006
200501100007
200501110001
200501110002
200501110003
200501120001
200501120002
200501120003
200501120004
200501120005
200501120006
200501130001
200501130002
200501130003
200501130004
200501130005
200501130006
200501130007
200501130008
200501130009
200501130010
200501130011
200501130012
200501130013
200501130014
200501140001
200501140002
200501140003
200501140004  200501140005
200501140005  200501140004
200501150001
200501160001
200501160002
200501160003
200501160004
200501170001
200501170002
200501170003
200501170004
200501170005
200501170006
200501170007
200501170008
200501180001
200501180002
200501180003
200501180004
200501180005
200501180006
200501180007
200501190001  200501190006  200501190007  200501190008
200501190002
200501190003
200501190004
200501190005
200501190006  200501190001  200501190007  200501190008
200501190007  200501190001  200501190006  200501190008
200501190008  200501190001  200501190006  200501190007
200501190009
200501190010
200501200001
200501200002
200501210001
200501210002
200501210003
200501210004
200501210005
200501210006
200501220001
200501220002
200501220003  200501220004
200501220004  200501220003
200501220005
200501230001
200501240001
200501240002
200501240003
200501240004
200501240005
200501250001
200501250002
200501250003
200501250004
200501250005
200501250006
200501260001
200501260002
200501260003
200501260004
200501270001
200501270002
200501270003
200501270004
200501270005
200501270006
200501280001
200501290001
200501290002
200501300001
200501300002
200501300003
200501310001
200501310002
200501310003
200501310004
200501310005
200501310006
200502010001
200502010002
200502020001
200502040001
200502050002
200502060001
200502070001
200502070002
200502070003
200502070004
200502070005
200502070006
200502070007
200502070008
200502080001
200502080002
200502080003
200502080004
200502080005
200502090001
200502090002
200502090003
200502100001
200502110001
200502110002
200502110003
200502120001
200502120002
200502120003
200502130001
200502130002
200502140001  200502140002  200502140003
200502140002  200502140001  200502140003
200502140003  200502140001  200502140002
200502140004
200502150001
200502170001
200502170002
200502180001
200502180002  200502180003
200502180003  200502180002
200502180004
200502190001  200502190004
200502190002
200502190003
200502190004  200502190001
200502190005
200502200001  200502200002
200502200002  200502200001
200502200004
200502210001
200502210002
200502230001
200502230002
200502240001
200502240002
200502240003  200502240005  200502240006  200502240007
200502240004
200502240005  200502240003  200502240006  200502240007
200502240006  200502240003  200502240005  200502240007
200502240007  200502240003  200502240005  200502240006
200502240008  200502240009
200502240009  200502240008
200502250001
200502250002
200502250003
200502250004
200502250006
200502280001
200502280002
200502280005
200503010001  200503010002
200503010002  200503010001
200503010003
200503010004
200503010005
200503010006
200503020001
200503020002
200503020003  200503020004
200503020004  200503020003
200503020005
200503020006
200503030001
200503030002
200503030003
200503030004
200503030005
200503030006
200503030007
200503040001
200503040002
200503040003
200503050001
200503050002
200503050003
200503050004
200503060003
200503060004
200503060005
200503060006
200503070001
200503070002  200503070003
200503070003  200503070002
200503070004
200503070005  200503070006
200503070006  200503070005
200503070007
200503070008
200503080001
200503080002
200503080003
200503080004
200503080005
200503080006
200503090001
200503090002
200503090003
200503090004
200503090005
200503090006
200503090007
200503090008
200503100001
200503100002
200503100003
200503100005
200503100006
200503100007  200503100011
200503100008
200503100009
200503100010
200503100011  200503100007
200503110001
200503110002
200503110004
200503110005
200503110006
200503110007
200503120001
200503120002
200503120004
200503120005
200503120006
200503130001
200503130002
200503130003
200503130004
200503130005
200503130006
200503130007
200503140001
200503140003
200503140004
200503140005
200503140006
200503150001
200503150002
200503150004
200503150005
200503160001
200503160002
200503160003
200503160004
200503170001
200503170002  200503170009
200503170003
200503170004
200503170005
200503170006
200503170008
200503170009  200503170002
200503180001
200503180002
200503180003
200503180004
200503190001
200503190002
200503190003
200503190005
200503190006
200503190007
200503190008
200503190009
200503190010
200503190011
200503190012
200503190014
200503200001
200503200002
200503200003
200503200004
200503200005
200503200006
200503200007
200503200008
200503200009
200503200010
200503200011
200503200012
200503200013
200503200014
200503210001
200503210002
200503210003
200503210004
200503210005
200503220001
200503220002
200503220003
200503220004
200503220005
200503220006
200503220007
200503220008
200503230001
200503230002
200503230003
200503230004
200503230005
200503230006
200503230007
200503240001
200503240002
200503240003
200503240004
200503240005
200503240006
200503240007
200503250001
200503250002
200503260001
200503260002
200503260003
200503260004
200503260005
200503260006
200503260007
200503260008
200503270001
200503270002
200503270003
200503270004
200503270005
200503280001
200503280002
200503280003
200503280004
200503280005
200503280006
200503280007
200503280008
200503280009
200503280010
200503290001
200503290002
200503290003
200503290004
200503290006
200503300001
200503300002
200503300003
200503300004
200503300005
200503300006
200503310001
200503310002
200503310004
200503310005
200504010001
200504010002
200504010003
200504010004
200504010005
200504010006
200504010007
200504010009
200504010010
200504010011
200504020001
200504020002
200504020003
200504020004
200504020005
200504020006
200504020007
200504020008
200504020009
200504030001
200504030002
200504030003
200504030004  200504030005  200504030012
200504030005  200504030004  200504030012
200504030006  200504030007
200504030007  200504030006
200504030008
200504030009
200504030010
200504030011
200504030012  200504030004  200504030005
200504030013
200504040001
200504040002
200504040003
200504040004
200504040005
200504040007
200504040008
200504050001
200504050002
200504050003
200504050004
200504050005
200504050006
200504050007
200504050008
200504050009
200504050010
200504050012
200504060001
200504060002
200504060003
200504060004
200504060005
200504060006
200504070001
200504070002
200504070003
200504070004
200504070005
200504070007
200504070008
200504070009  200504080003
200504070011
200504080001
200504080002
200504080003  200504070009
200504080004
200504080005
200504080007
200504090001
200504090002  200504090003
200504090003  200504090002
200504090004
200504090005
200504090006
200504090007
200504090008
200504090009
200504090010
200504090011
200504090012
200504090013
200504100001
200504100002
200504100003
200504100004
200504100005
200504100006
200504100007
200504100008
200504100009
200504100010
200504110001  200504110002  200504110003
200504110002  200504110001  200504110003
200504110003  200504110001  200504110002
200504110004
200504110005
200504110006
200504110007
200504110008
200504110009
200504120001
200504120002
200504120003  200504120004
200504120004  200504120003
200504120005
200504120006
200504120007
200504120008
200504120009  200504120010
200504120010  200504120009
200504120011
200504120012
200504120013
200504130001
200504130002
200504130003
200504130004
200504130005
200504130006
200504130007
200504130008
200504130009  200504130010
200504130010  200504130009
200504140001  200504140011
200504140002
200504140003
200504140004
200504140005
200504140006
200504140007
200504140008
200504140009
200504140010
200504140011  200504140001
200504150001
200504150002
200504150003
200504150004
200504150005
200504150006
200504150007  200504150011
200504150008
200504150009
200504150010
200504150011  200504150007
200504150012
200504170001
200504180001
200504180002
200504190001
200504190002
200504190003
200504200001
200504200002
200504200003
200504200004
200504200005
200504200007
200504210001
200504210002
200504210003  200504210004
200504210004  200504210003
200504210005
200504220001
200504220002
200504220003
200504220004
200504230001
200504230002
200504230003
200504230004
200504240001
200504240002
200504240003
200504240004
200504250001
200504250002  200504250003
200504250003  200504250002
200504250004
200504260001
200504260002
200504270001
200504270002
200504270003
200504280001
200504280002
200504280003
200504280004  200504280005  200504280006
200504280005  200504280004  200504280006
200504280006  200504280004  200504280005
200504280007
200504280008
200504280010
200504280011
200504290001
200504290002
200504290003
200504290004
200504300001
200504300002
200504300003
200504300004
200504300005
200504300006
200504300007
200504300009
200505010001
200505010002
200505010004
200505010005
200505010006
200505020001
200505020002
200505020003
200505020004
200505020005
200505020006
200505020007
200505020008
200505030001
200505030002
200505030003
200505030004
200505030005
200505040001
200505040002
200505040003
200505040004
200505040005
200505040006
200505040007
200505050001
200505050002
200505050003
200505050004
200505050005
200505050006
200505050007
200505050008
200505060001
200505060002
200505060003
200505060004
200505060005
200505060006
200505060007
200505060008
200505070001
200505070002  200505070003  200505070004
200505070003  200505070002  200505070004
200505070004  200505070002  200505070003
200505070005
200505070006
200505070007
200505070008
200505070009
200505080001
200505080002
200505080005
200505080006
200505090001  200505090002
200505090002  200505090001
200505090003
200505090004
200505090005
200505090006
200505090007
200505100001
200505100002
200505100003
200505100004
200505100005
200505100006
200505100007
200505100008
200505100009
200505100010
200505100011
200505100012
200505100013
200505110001
200505110002
200505110003
200505110004
200505110005
200505110006
200505110007
200505110008
200505110009
200505110010
200505120001
200505120002
200505120003
200505120004
200505120005
200505120006
200505120007
200505120008
200505120009
200505120010
200505120011
200505120012
200505120013
200505130001
200505130002
200505130003
200505130004
200505130005
200505130006
200505130007
200505140001
200505140002
200505140003
200505140004
200505140005
200505140006
200505140007
200505140008
200505150001  200505150002  200505150003  200505150004
200505150002  200505150001  200505150003  200505150004
200505150003  200505150001  200505150002  200505150004
200505150004  200505150001  200505150002  200505150003
200505150005
200505150006
200505150007
200505150008
200505150009
200505150010
200505150011
200505150012
200505150013
200505150014
200505150015
200505150016
200505150017
200505160001
200505160002
200505160003
200505160004
200505160005
200505160006
200505170001
200505170002
200505170003
200505170004
200505170005
200505170006
200505170008
200505180001
200505180002
200505180003
200505180004
200505180008
200505180009
200505180010
200505180011
200505180012
200505190001
200505190002
200505190003
200505190004
200505190005
200505190006
200505200001
200505200002
200505200003
200505200004
200505200005
200505200006
200505200008
200505200009
200505210001
200505210002
200505220001
200505220002  200505220003
200505220003  200505220002
200505230001
200505230002
200505230003
200505230004
200505230005
200505230006
200505230007
200505230008
200505230009
200505240001
200505240002
200505240003
200505240004
200505240005
200505240006
200505240007
200505240008
200505250001
200505250002
200505250003
200505250004
200505260001
200505260002
200505260003
200505260004
200505270001
200505270002
200505270003
200505270004
200505270005
200505270006
200505280001
200505280002  200505280003
200505280003  200505280002
200505280004
200505280005
200505280006
200505280008
200505280009
200505290001  200505290002  200505290003  200505290004  200505290005
200505290002  200505290001  200505290003  200505290004  200505290005
200505290003  200505290001  200505290002  200505290004  200505290005
200505290004  200505290001  200505290002  200505290003  200505290005
200505290005  200505290001  200505290002  200505290003  200505290004
200505290006
200505290007
200505290008
200505290009
200505290010
200505290011
200505290012
200505290013
200505300001
200505300002
200505300004
200505300005
200505300006
200505310001
200505310002
200505310003
200505310004
200506010001
200506010003
200506010004
200506010005
200506010006
200506020001
200506020002  200506020005
200506020003
200506020004
200506020005  200506020002
200506020006
200506030001
200506030002
200506040001
200506050001
200506050002
200506050003
200506050004
200506060001
200506060002  200506060003  200506060004
200506060003  200506060002  200506060004
200506060004  200506060002  200506060003
200506060005
200506060006
200506060007
200506070001
200506070002
200506070004
200506080001
200506090001
200506090002
200506090003
200506090004
200506090005
200506100001
200506100002
200506100003
200506110001
200506110002
200506110003
200506110004
200506110006
200506120001
200506120002
200506120003
200506120004
200506130001
200506130002  200506130003
200506130003  200506130002
200506130004
200506130005
200506130006
200506130007
200506130009
200506130010
200506130011
200506140001
200506140002
200506140004  200506150001
200506150001  200506140004
200506150002
200506150003
200506150004
200506150005
200506160001
200506160002
200506160003
200506160005
200506160006
200506160007
200506160008
200506170001
200506170002
200506170003
200506170004
200506170005
200506170006
200506170008
200506180001
200506180002
200506180003
200506180004
200506180005
200506180006
200506180007
200506180008
200506180009
200506180010
200506180011
200506190001
200506190002
200506190003
200506190004
200506190006
200506200001
200506200002
200506200003
200506200004
200506200005
200506200006
200506200007
200506200008
200506200009
200506200011
200506200012
200506210001
200506210002
200506210003
200506210004
200506220001
200506220002
200506220003
200506220004
200506220005
200506220006
200506220008
200506220009
200506230001
200506230002
200506240001
200506240003
200506240004
200506250001
200506250002
200506250003
200506260001
200506260002
200506260003
200506270001
200506270002
200506270003
200506280001  200506280007
200506280002
200506280003
200506280004
200506280005
200506280006
200506280007  200506280001
200506290001
200506290002
200506290003
200506300001
200506300002
200506300003
200507010001
200507010002
200507010003
200507010004
200507010005
200507010006
200507010007
200507010008
200507010009
200507010010
200507010011
200507020001
200507020002
200507020003
200507020004
200507020005
200507020006
200507020007
200507020008
200507020009
200507020010
200507020011
200507020012
200507020013
200507030001
200507030003
200507030004
200507030005
200507030006
200507030007
200507030008
200507040001
200507040002
200507040003
200507040004
200507040005
200507040006
200507040009
200507050001
200507050002
200507050003
200507050004
200507050005
200507050006
200507050007
200507050008
200507050010
200507050011
200507050012
200507050013
200507060001
200507060002
200507060004
200507060005
200507060006
200507060007
200507060008
200507060009
200507060010
200507060011  200507060019
200507060014
200507060015
200507060016
200507060017
200507060018
200507060019  200507060011
200507060021
200507060022
200507070001  200507070002  200507070003  200507070004
200507070002  200507070001  200507070003  200507070004
200507070003  200507070001  200507070002  200507070004
200507070004  200507070001  200507070002  200507070003
200507070005
200507070006
200507070008
200507070009
200507070010
200507070011
200507070012
200507080001
200507080002
200507080003
200507080004
200507080005
200507080006
200507080007
200507090001
200507090002
200507090003
200507090004
200507090005
200507090006
200507090007
200507090008
200507090009
200507090010
200507100001
200507100002
200507100003
200507100004
200507100005
200507100006
200507100007
200507100008
200507100009
200507100010
200507110001
200507110002
200507110003
200507110004
200507110005
200507110006
200507110007
200507110009
200507110010
200507110011
200507120001
200507120002
200507120003
200507120004
200507120005
200507120006
200507120007
200507120008
200507120009
200507120018
200507120019
200507130001
200507130002
200507130003
200507130004
200507130005
200507130006
200507130007
200507130008
200507130009
200507130010
200507130011
200507130012
200507140001
200507140002
200507140003
200507140004
200507140005
200507140006
200507140007
200507140008
200507140009
200507140010
200507140013
200507150001
200507150002
200507150003
200507150004
200507150005
200507150006
200507150007
200507150009
200507160001
200507160002
200507160003
200507160004
200507160005  200507160008  200507160010  200507170006
200507160006
200507160007
200507160008  200507160005  200507160010  200507170006
200507160010  200507160005  200507160008  200507170006
200507160013
200507160015
200507160016
200507170001
200507170003
200507170004
200507170005
200507170006  200507160005  200507160008  200507160010
200507170007
200507180001
200507180002
200507180003
200507190001
200507190002
200507190003
200507190004
200507200001
200507200002
200507210001
200507210002  200507210006  200507210007  200507210008
200507210003
200507210004
200507210005
200507210006  200507210002  200507210007  200507210008
200507210007  200507210002  200507210006  200507210008
200507210008  200507210002  200507210006  200507210007
200507210009
200507210010
200507210011
200507210012
200507210013
200507220001
200507220002
200507220003
200507230001
200507230002
200507230003
200507230004
200507240001
200507240002
200507240003
200507240004
200507240005
200507240006
200507240007
200507240008
200507250001
200507250002
200507250003
200507250004
200507250005  200507250008  200507250009
200507250006
200507250007
200507250008  200507250005  200507250009
200507250009  200507250005  200507250008
200507260001
200507260002
200507260003
200507260004
200507260005
200507260006  200507260007
200507260007  200507260006
200507260008
200507260009
200507270001
200507270002
200507270003
200507270004
200507270005
200507270006
200507270007
200507280001
200507280002  200507280010  200507280011
200507280003
200507280004
200507280006
200507280007
200507280008
200507280009
200507280010  200507280002  200507280011
200507280011  200507280002  200507280010
200507290001
200507290002
200507290003
200507290004
200507290005
200507290006
200507290007
200507290008  200507290011
200507290009
200507290010
200507290011  200507290008
200507300001
200507300002
200507300003
200507300004
200507300005  200507300008
200507300006
200507300007
200507300008  200507300005
200507300009
200507310001
200507310002
200507310003
200507310004
200507310005
200508010001
200508010002
200508010003
200508010004
200508010005
200508010006
200508010007
200508020001
200508020002
200508020003
200508020004  200508020005
200508020005  200508020004
200508020006
200508020007
200508020008
200508020009
200508020010
200508020011
200508020012
200508020013
200508020014
200508020015
200508020016
200508020017
200508020018
200508020019
200508030001
200508030002
200508030003
200508030004
200508030005
200508030006
200508030007
200508040001
200508040002
200508040003
200508040004
200508040005
200508040006
200508040007
200508040008
200508040009
200508040010
200508040011
200508050001
200508050002
200508050003
200508050004
200508050005
200508050006
200508060001
200508060002
200508060003
200508060004
200508060005  200508060006
200508060006  200508060005
200508060007
200508060008
200508060009
200508070001
200508070002  200508070003
200508070003  200508070002
200508070004
200508070005  200508070006  200508070007
200508070006  200508070005  200508070007
200508070007  200508070005  200508070006
200508070008  200508070009  200508070010
200508070009  200508070008  200508070010
200508070010  200508070008  200508070009
200508070011
200508070012  200508070013
200508070013  200508070012
200508070014
200508070015
200508070016
200508070017
200508070018
200508070019
200508080001
200508080002
200508080003
200508080004
200508080005
200508080006
200508080007
200508080008
200508090001
200508090002
200508090003
200508090004
200508100001
200508100002
200508100003
200508100004
200508100005
200508100006
200508100007
200508100008
200508100009  200508100010
200508100010  200508100009
200508100011
200508100012
200508100013
200508100014
200508110001
200508110002
200508110003
200508110004
200508110005
200508110006
200508110007
200508110008
200508110009  200508110010
200508110010  200508110009
200508110011
200508110013
200508120001
200508120002
200508120003
200508120004
200508120005
200508120006
200508130001
200508130002
200508130003
200508130004
200508130005
200508130006
200508140001
200508140002
200508140003
200508140004
200508140005
200508140006
200508140007
200508140008
200508140009
200508140010
200508140011
200508150001
200508150002
200508150003
200508150004
200508150005
200508150006
200508150007
200508150008
200508150009
200508150010
200508150011
200508160001
200508160002
200508170001
200508170002
200508170003
200508170004  200508170005  200508170006
200508170005  200508170004  200508170006
200508170006  200508170004  200508170005
200508180001
200508180002
200508180003
200508180004
200508180005
200508180006
200508180007
200508180008
200508180009
200508190001
200508190002
200508190004
200508200001
200508200002
200508200003
200508200004
200508200005
200508200006  200508200007  200508200008
200508200007  200508200006  200508200008
200508200008  200508200006  200508200007
200508200009
200508200010
200508200011
200508200012
200508200013
200508200014
200508200015
200508200016
200508210001
200508210002
200508210003
200508210004
200508210005
200508210006
200508210007
200508210008
200508210009
200508210010
200508220001
200508220002
200508220003
200508220004
200508220005
200508230001  200508230002
200508230002  200508230001
200508230003
200508230004
200508230005
200508240001
200508240002
200508240003
200508240004
200508240005
200508240006
200508240007
200508240008
200508240009
200508240010
200508240011
200508240013
200508250001
200508250002
200508250003
200508250004
200508250005
200508250006
200508250007
200508250008
200508260001
200508260002
200508270001
200508270002
200508270003
200508270004
200508280001
200508280002
200508280003
200508280004
200508280005
200508280006
200508280007
200508280008
200508280009
200508280010
200508290001
200508290002
200508290003
200508290004
200508300001
200508300002
200508300003
200508300004
200508300005
200508300006
200508300007
200508310001
200508310002
200508310003
200508310004  200508310005
200508310005  200508310004
200508310006
200508310008
200509000001
200509010001
200509020001
200509020002
200509020003
200509020004
200509020005
200509030001  200509030002
200509030002  200509030001
200509030003
200509040001  200509040004
200509040002
200509040003
200509040004  200509040001
200509050001
200509050002
200509050003
200509050004
200509050005
200509050008
200509070001
200509070002
200509070003
200509070004
200509070005
200509080001
200509080002
200509090001
200509090002
200509090003
200509090004
200509090005
200509100001
200509100002
200509110001
200509110002
200509110003
200509110005
200509120001
200509120002
200509130001  200509140003
200509130002
200509130003
200509130004
200509130005
200509140001
200509140002
200509140003  200509130001
200509140004
200509140005
200509140006
200509150001
200509150002
200509160001
200509160002
200509160003  200509160005
200509160004
200509160005  200509160003
200509160006
200509160007
200509170001
200509170002
200509170003
200509170004
200509170005  200509180001
200509170006
200509170007
200509180001  200509170005
200509180002
200509190001
200509190002
200509190003
200509190004
200509200001
200509200002
200509200003
200509200004
200509210001
200509210003
200509220001
200509220002
200509220003
200509220004
200509230001
200509230002
200509230003
200509230004
200509230005
200509240001
200509240003
200509250001
200509250002
200509250003
200509250004
200509250005
200509250007
200509250008
200509260001
200509260002
200509260003
200509260004
200509270001
200509270002
200509270003
200509270004
200509270005
200509270006
200509280001
200509280002
200509280003
200509290001
200509290002
200509290003
200509290004
200509290005
200509300001
200509300002
200509300003
200509300004
200510010001  200510010002
200510010002  200510010001
200510010003
200510010004
200510020001
200510020002  200510020003  200510020004  200510020005  200510020006  200510020007
200510020003  200510020002  200510020004  200510020005  200510020006  200510020007
200510020004  200510020002  200510020003  200510020005  200510020006  200510020007
200510020005  200510020002  200510020003  200510020004  200510020006  200510020007
200510020006  200510020002  200510020003  200510020004  200510020005  200510020007
200510020007  200510020002  200510020003  200510020004  200510020005  200510020006
200510030001
200510030002  200510030003  200510030004
200510030003  200510030002  200510030004
200510030004  200510030002  200510030003
200510030005
200510040001
200510040002
200510040003
200510040004
200510050001
200510050002
200510050003
200510060001
200510060002
200510060003
200510060004
200510070001
200510070002
200510070003
200510070004
200510080001
200510090001
200510100001
200510100002  200510100003
200510100003  200510100002
200510100004
200510110001
200510110002
200510110004  200510120004
200510120001
200510120002
200510120003
200510120004  200510110004
200510130001  200510130002   200510130003  200510130004  200510130005  200510130006  200510130007  200510130008
200510130002  200510130001   200510130003  200510130004  200510130005  200510130006  200510130007  200510130008
200510130003  200510130001  200510130002  200510130004  200510130005  200510130006  200510130007  200510130008
200510130004  200510130001  200510130002  200510130003  200510130005  200510130006  200510130007  200510130008
200510130005  200510130001  200510130002  200510130003  200510130004  200510130006  200510130007  200510130008
200510130006  200510130001  200510130002  200510130003  200510130004  200510130005  200510130007  200510130008
200510130007  200510130001  200510130002  200510130003  200510130004  200510130005  200510130006  200510130008
200510130008  200510130001  200510130002  200510130003  200510130004  200510130005  200510130006  200510130007
200510140001
200510140002
200510150001
200510150002
200510160001
200510160002
200510160003
200510160004
200510160007
200510170001
200510170002
200510170003
200510170004
200510170005
200510170006
200510170007
200510170008
200510170009
200510180001
200510180002
200510180003
200510180004
200510180005
200510190001
200510190002
200510190003
200510190004
200510190005
200510190006
200510190007
200510200001
200510200002
200510200004
200510200005
200510200006
200510200007
200510210001
200510210002
200510220001
200510220002
200510220003
200510220004
200510230001
200510230002
200510230003
200510230004
200510230005
200510230006
200510230007
200510230008
200510240001
200510240002
200510240003
200510240004
200510240005
200510250001
200510250002
200510250003
200510250004
200510260001
200510260002
200510260003  200510260004
200510260004  200510260003
200510270001
200510270002
200510280001
200510280002
200510280003
200510280004
200510290001  200510290002  200510290003
200510290002  200510290001  200510290003
200510290003  200510290001  200510290002
200510290004
200510290005
200510290006
200510290007
200510290008
200510290009
200510290010
200510300001
200510300002
200510300003
200510300004
200510300005
200510300006
200510300007
200510300008
200510300010
200510310001
200510310002
200510310003
200510310004
200510310005
200511010001
200511020001
200511020002
200511020003
200511020004
200511040001
200511050001
200511050002
200511070001
200511070002
200511080001  200511080002
200511080002  200511080001
200511090001
200511090002  200511090003  200511090004
200511090003  200511090002  200511090004
200511090004  200511090002  200511090003
200511090005
200511090006
200511100001
200511100002
200511110001
200511110002
200511110003
200511120001
200511120002
200511120003
200511120004
200511120005
200511130001
200511130002
200511140001  200511140002
200511140002  200511140001
200511140003
200511140004
200511140005
200511140006
200511150001
200511150002
200511160001
200511160002
200511160003
200511160005
200511160006
200511170001
200511170007
200511170009
200511180001
200511180002
200511190001
200511190002
200511190003
200511190004
200511190005
200511200001  200511200002
200511200002  200511200001
200511200003
200511200004
200511210001
200511210002
200511210003  200511210004
200511210004  200511210003
200511220001
200511230001
200511230002
200511240001
200511240002
200511240003
200511260001
200511260002
200511270001
200511290001  200511290002
200511290002  200511290001
200511290003  200511290004
200511290004  200511290003
200512010001  200512030001  200512050002  200512050003  200512080003
200512010002
200512020001
200512020002
200512020003
200512020004
200512020005
200512030001  200512010001  200512050002  200512050003  200512080003
200512040001
200512040002
200512050001
200512050002  200512010001  200512030001  200512050003  200512080003
200512050003  200512010001  200512030001  200512050002  200512080003
200512060001
200512060002
200512060003
200512060004
200512060005
200512060006
200512060007
200512060008
200512070001
200512070003
200512080001
200512080002
200512080003  200512010001  200512030001  200512050002  200512050003
200512090001
200512090002
200512090003
200512090004
200512090005  200512090006  200512090007
200512090006  200512090005  200512090007
200512090007  200512090005  200512090006
200512100001
200512100002
200512110001
200512120001
200512120002
200512120003
200512120004
200512120006
200512130001  200512130002  200512130003
200512130002  200512130001  200512130003
200512130003  200512130001  200512130002
200512140001
200512140002
200512140003
200512140004
200512140005
200512140006
200512150001
200512150002
200512150003
200512160001
200512160002
200512160003
200512170001
200512170002  200512170003
200512170003  200512170002
200512170004
200512180001
200512180002
200512180003
200512180004
200512180005  200512180006
200512180006  200512180005
200512190001
200512190002
200512190003
200512200001
200512200002
200512200004
200512210001
200512210002
200512210003  200512210004
200512210004  200512210003
200512210005  200512210006
200512210006  200512210005
200512220001
200512220002
200512220003
200512220004
200512220005
200512220006
200512230001
200512230002
200512230003
200512230004
200512240001
200512240002
200512240003
200512250001
200512250002
200512250003  200512260004
200512250008
200512260001  200512260002
200512260002  200512260001
200512260003
200512260004  200512250003
200512270001
200512270002
200512280001
200512280002
200512280003
200512290001
200512290002
200512290003  200512290004
200512290004  200512290003
200512300001
200512300002  200512300003
200512300003  200512300002
200512300004  200512310001  200512310002
200512300005
200512310001  200512300004  200512310002
200512310002  200512300004  200512310001
200609050004
