200901010001
200901010003
200901010004
200901010005
200901010011
200901010012  200901010013  200901010014
200901010013  200901010012  200901010014
200901010014  200901010012  200901010013
200901010017
200901010018
200901010019
200901010020
200901010028
200901010029  200901010030  200901010032  200901010033
200901010030  200901010029  200901010032  200901010033
200901010032  200901010029  200901010030  200901010033
200901010033  200901010029  200901010030  200901010032
200901010035
200901020002
200901020003
200901020004
200901020005
200901020009
200901020010
200901020011
200901020012
200901020018
200901020020
200901020023
200901020031
200901030003
200901030004
200901030005
200901030006
200901030007
200901030008
200901030012
200901030014
200901030015
200901030016
200901030018  200901030032
200901030019
200901030022
200901030032  200901030018
200901040001
200901040002
200901040003
200901040007
200901040008
200901040009
200901040010  200901040011
200901040011  200901040010
200901040012
200901040015
200901040016
200901040017
200901040019
200901040020
200901040021
200901040022
200901040023
200901040026
200901040031
200901040038
200901050001
200901050002
200901050003
200901050004
200901050005
200901050006
200901050007
200901050008
200901050010
200901050014
200901050015
200901050016
200901050018
200901050020
200901050021
200901050023
200901050024
200901050025
200901050026
200901050030
200901060001
200901060002
200901060003
200901060004
200901060005
200901060006
200901060007
200901060008
200901060009
200901060010
200901060011
200901060012
200901060013
200901060020
200901070001
200901070002
200901070003
200901070004
200901070005
200901070007
200901070008
200901070009
200901070012
200901070013
200901070014
200901070015
200901070016
200901070017
200901070018
200901070019
200901070021
200901070022
200901070026
200901080001
200901080004
200901080005
200901080006
200901080007
200901080008
200901080009
200901080011
200901080012
200901080017
200901090002
200901090003
200901090004
200901090005
200901090006
200901090008
200901090009  200901090010
200901090010  200901090009
200901090011
200901090013
200901090014
200901090016
200901090018
200901090019
200901090020
200901090021
200901090024
200901090025
200901100002
200901100003
200901100005
200901100006
200901100007
200901100010  200901100013
200901100012
200901100013  200901100010
200901100015
200901100016
200901100018
200901100019
200901100020
200901110001
200901110002
200901110003
200901110004
200901110007
200901110008
200901110010
200901110011
200901110014
200901110016
200901110017
200901120001
200901120002
200901120003
200901120004
200901120006
200901120007
200901120008
200901120010
200901120011
200901120012
200901120013
200901120015
200901120020
200901120024
200901130001
200901130003
200901130005
200901130006
200901130007
200901130008
200901130010
200901130011
200901130012
200901140001
200901140002
200901140003
200901140004
200901140005
200901140006
200901140008
200901140012
200901140013
200901140014
200901140016
200901140017
200901150001
200901150002
200901150003
200901150004
200901150006
200901150008
200901150011
200901150012
200901150013
200901160001
200901160002
200901160003
200901160004
200901160005
200901160006
200901160007  200901160008  200901160009
200901160008  200901160007  200901160009
200901160009  200901160007  200901160008
200901160010  200901160011
200901160011  200901160010
200901160012
200901160013
200901160014
200901160015
200901160016
200901160019  200901160020
200901160020  200901160019
200901160023
200901160024
200901160034
200901170001
200901170002
200901170003
200901170004
200901170005
200901170006
200901170007
200901170008
200901170010
200901170012
200901170013
200901170015
200901170016
200901170017
200901170021
200901170022
200901180001
200901180002
200901180003
200901180004
200901180005
200901180006
200901180007
200901180010
200901180013
200901180016
200901180023
200901180024
200901180025
200901190001
200901190002
200901190003
200901190005
200901190006
200901190007
200901190016
200901190017
200901190018
200901190019
200901200001
200901200002
200901200003
200901200005
200901200006
200901200008
200901200010
200901200011
200901200016
200901210003
200901210004
200901210005
200901210006
200901210007
200901210008
200901210009
200901210011
200901210015
200901210016
200901220001
200901220003
200901220004
200901220005
200901220006
200901220009
200901220011
200901220012
200901220015
200901220018
200901230001
200901230002
200901230005
200901230006
200901230010
200901230011
200901230013
200901240002
200901240003
200901240004
200901240005
200901240006
200901240007
200901240008
200901240009
200901240012
200901240013
200901240015
200901240016
200901240017
200901250002
200901250004
200901250005
200901250007
200901250008
200901250009
200901250010
200901250011
200901250012
200901260001  200901260003  200901260007
200901260002
200901260003  200901260001  200901260007
200901260004
200901260005
200901260006
200901260007  200901260001  200901260003
200901260011
200901260012
200901260013
200901260017
200901260018
200901260019
200901260021
200901260025
200901270001
200901270002
200901270003
200901270004
200901270005
200901270006
200901270008
200901270009
200901270011
200901270012
200901270013
200901270014
200901270015
200901270016
200901270017
200901270018
200901270019
200901270020
200901270024
200901270025
200901270026
200901280002
200901280003
200901280004
200901280005
200901280008
200901280013
200901290001
200901290002
200901290003
200901290004
200901290005
200901290008
200901290011
200901290019
200901290022
200901300001
200901300002
200901300003
200901300004
200901300006
200901300007
200901300008
200901310002
200901310006
200901310007
200901310008  200901310009  200901310010
200901310009  200901310008  200901310010
200901310010  200901310008  200901310009
200901310011
200901310012
200901310013
200901310014
200901310015
200901310016
200901310017
200901310024
200902010001
200902010002
200902010003
200902010005
200902010006
200902010011
200902010012
200902010016
200902020001
200902020002
200902020005
200902020006
200902020008
200902020009
200902020010
200902020012
200902020017
200902030001
200902030002
200902030003
200902030004
200902030007
200902030010
200902030011
200902030016
200902030017
200902030018
200902030019
200902030020
200902030022
200902030024
200902030025
200902030027
200902030028
200902040001
200902040002
200902040003
200902040004
200902040005
200902040006
200902040008
200902040009
200902040010
200902040011
200902040013
200902040017
200902040018
200902040019
200902040020
200902050001
200902050002
200902050003
200902050004
200902050006
200902050009
200902050017
200902050018
200902050022
200902050023
200902050025
200902060001
200902060003
200902060005
200902060006
200902060007
200902060011
200902060012
200902060013
200902060015
200902070001
200902070002
200902070005
200902070006
200902070007
200902070010
200902070011
200902080001
200902080002
200902080003
200902080004
200902080005
200902080007
200902080010
200902080012
200902090001
200902090003
200902090004
200902090005
200902090006
200902090007
200902090008
200902090011
200902090012
200902090013
200902090014
200902090015
200902090017
200902090020
200902090022
200902090024
200902090025
200902100003
200902100004
200902100006
200902100007
200902100008
200902100009
200902100012
200902110008
200902110011
200902110012
200902110013
200902110014
200902110017  200902110018
200902110018  200902110017
200902110019
200902110020
200902110021
200902110022
200902110023
200902110024
200902110025
200902110026
200902110028
200902110029
200902110030
200902110031
200902110032
200902110033
200902110034
200902110035
200902110036
200902110040
200902110041
200902120001
200902120002
200902120003
200902120004
200902120005
200902120007
200902120008
200902120010
200902120011
200902120012
200902120014
200902120015
200902120017
200902120018
200902120021
200902120022
200902120024
200902120025
200902120026
200902120027
200902120028
200902120029
200902120031
200902130001
200902130002
200902130003  200902130019
200902130004
200902130005
200902130007
200902130008
200902130009
200902130011
200902130012
200902130013
200902130014
200902130015
200902130019  200902130003
200902140002
200902140003
200902140004
200902140005
200902140006
200902140011
200902140013
200902140014
200902150001
200902150002
200902150003
200902150004
200902150005
200902150006
200902150007
200902150008
200902150009
200902150010
200902150011
200902150012
200902150013
200902150016
200902150018
200902150020
200902160001
200902160002
200902160004
200902160005
200902160007
200902160008
200902160009
200902160010
200902160012
200902160013
200902160015
200902160016
200902160017
200902160018
200902160019
200902160021
200902170001
200902170003
200902170004
200902170008
200902170009
200902170012
200902170013
200902170014
200902170015
200902170016
200902170017
200902170018
200902170019
200902170020
200902170021
200902170022
200902170023
200902170024
200902170025
200902180001
200902180002
200902180003
200902180004
200902180005
200902180006
200902180008
200902180009
200902180011
200902180013
200902180018
200902180019
200902180021
200902180022
200902190001
200902190002
200902190003
200902190004
200902190005
200902190006
200902190008
200902190009
200902190010
200902190011
200902190012
200902190014
200902190016
200902190018
200902190028
200902190029
200902200004
200902200005
200902200007
200902200010
200902200013
200902200014
200902200016
200902200018
200902210001
200902210003
200902210004
200902210006
200902210010
200902210012
200902210015
200902220002
200902220004
200902220006
200902220007
200902220008  200902220009  200902220019  200902220020
200902220009  200902220008  200902220019  200902220020
200902220010
200902220011
200902220012
200902220014
200902220016
200902220019  200902220008  200902220009  200902220020
200902220020  200902220008  200902220009  200902220019
200902220021
200902230001
200902230003
200902230005
200902230006
200902230007
200902230008
200902230009
200902230011
200902230014
200902230017
200902230019
200902230021
200902240001
200902240002
200902240004
200902240005
200902240006
200902240007
200902240010
200902250002
200902250003
200902250009
200902250012
200902250013
200902260002
200902260003  200902260010  200902260011
200902260007
200902260008
200902260009
200902260010  200902260003  200902260011
200902260011  200902260003  200902260010
200902260017
200902260019
200902260020
200902260021
200902270001
200902270003
200902270004
200902270006
200902270007
200902270009
200902280001
200902280003
200902280008
200902280009
200902280010
200902280011
200902280012
200902280014
200902280020
200903010003
200903010004
200903010006
200903010008
200903010014
200903010015
200903020001
200903020002
200903020005
200903020006
200903020007
200903020008
200903020011
200903020012
200903020014
200903020015
200903030010
200903030012
200903030013
200903030015
200903030016
200903030017
200903030019
200903030020
200903030022  200903030023
200903030023  200903030022
200903030024
200903030026
200903030028
200903030030
200903040001
200903040003
200903040004
200903040005
200903040006
200903040007
200903040009
200903040010
200903040011
200903040012
200903040013
200903040014
200903040015
200903040016
200903040017
200903040018
200903040019
200903040020
200903050002
200903050003
200903050004
200903050006
200903050011
200903050013
200903050015
200903050017
200903050019
200903060002
200903060003
200903060004
200903060005
200903060006
200903060007
200903060014
200903060018
200903060019
200903070002
200903070003
200903070004
200903070006
200903070009
200903070010
200903070011
200903070012
200903070013
200903070018
200903070019
200903080001
200903080002
200903080003
200903080004
200903080009
200903080010
200903080011
200903080013
200903080014
200903090001
200903090002
200903090005
200903090006
200903090008
200903090009
200903090010
200903090012
200903090013
200903090014
200903090018
200903090019
200903090020
200903090022
200903100001
200903100003
200903100004
200903100009
200903100010
200903100011
200903100014
200903100015
200903100016
200903100017
200903100024
200903110002
200903110003
200903110007
200903110011
200903110012
200903110013
200903110014
200903110015
200903110017
200903110018
200903110021
200903120001
200903120002
200903120003
200903120008
200903120009
200903120010
200903120011
200903120012
200903120016
200903120019
200903120020
200903130001
200903130004
200903130005
200903130006
200903130007
200903130008
200903130009
200903130012
200903130017
200903140001  200903150031
200903140003
200903140004
200903140005
200903140006
200903140007
200903140008
200903140009
200903140010
200903140018
200903140019
200903140020
200903140021
200903140023
200903150003
200903150005
200903150006
200903150007
200903150009
200903150010
200903150012
200903150013
200903150014
200903150015
200903150016
200903150017
200903150018
200903150022
200903150023
200903150025
200903150028
200903150030
200903150031  200903140001
200903160001
200903160002
200903160004
200903160005
200903160007
200903160008
200903160009
200903160010
200903160011
200903160012
200903160013
200903160014
200903160015
200903160016
200903160017
200903170002
200903170008
200903170009
200903170011
200903170012
200903170013
200903170014
200903170015
200903170016
200903170018  200903170019
200903170019  200903170018
200903170023
200903180001
200903180002
200903180003
200903180004
200903180005
200903180006
200903180007
200903180008
200903180009
200903180010
200903180011  200903180012  200903180013
200903180012  200903180011  200903180013
200903180013  200903180011  200903180012
200903180018
200903180019
200903180026
200903180028
200903180029
200903180030
200903180031
200903190001
200903190003
200903190004
200903190006
200903190007
200903190008
200903190010
200903190012
200903190013
200903190015
200903190016
200903190018
200903190020
200903200001
200903200002
200903200003
200903200006
200903200007
200903200008
200903210001
200903210002
200903210006
200903210010
200903220001
200903220002
200903220004
200903220006
200903220007
200903220009
200903220010
200903220011
200903220012
200903220013
200903220014
200903220015
200903230001
200903230002
200903230003
200903230004
200903230010
200903230012
200903230014
200903230016
200903230017
200903230019
200903230022
200903240001
200903240002
200903240004
200903240007
200903240008
200903240010
200903240014
200903240015  200903240016
200903240016  200903240015
200903240017
200903240019
200903250001
200903250002
200903250003
200903250006
200903250007
200903250008
200903250009
200903250010
200903250011
200903250012
200903250016
200903250018
200903250019
200903250020  200903250021  200903250022
200903250021  200903250020  200903250022
200903250022  200903250020  200903250021
200903250023
200903250024
200903250025
200903250026
200903250027
200903250028
200903250030
200903250032
200903250033
200903250034
200903250035
200903260001
200903260004
200903260005
200903260006
200903260007
200903260008
200903260009
200903260010
200903260012
200903260013
200903260014
200903260015
200903260021
200903260023
200903260024
200903260025
200903260028
200903260029
200903270001
200903270003
200903270004
200903270005
200903270009
200903270011
200903270013
200903280001
200903280002
200903280005
200903280008
200903280009
200903280010
200903280011
200903280013
200903280014
200903280016
200903280017
200903290002
200903290004
200903290005
200903290006
200903290007
200903290008
200903290009
200903290012  200903290013
200903290013  200903290012
200903290014
200903290015
200903290016
200903290018
200903290019
200903290020
200903290022
200903300001
200903300002
200903300003
200903300005
200903300008
200903300009
200903300011
200903300012
200903300014
200903300016
200903300019
200903300021
200903300024
200903300025
200903300026
200903300027
200903300028
200903300029
200903300030
200903300031
200903310001
200903310002
200903310004
200903310008
200903310010
200903310011
200903310012
200903310013
200903310014
200903310015
200903310016
200903310017
200903310018
200903310019
200903310020
200903310021
200903310022
200903310023
200903310024
200903310025
200903310026
200903310027
200903310028
200903310029
200903310031
200903310032
200903310033
200903310034
200903310035
200903310037
200903310040
200903310041
200903310042
200903310043
200904010004
200904010005
200904010008
200904010011
200904010014
200904010017
200904010018
200904010019
200904010020
200904010021
200904010022
200904010023
200904010024
200904020003
200904020005
200904020007  200904020008  200904020009
200904020008  200904020007  200904020009
200904020009  200904020007  200904020008
200904020010
200904020016
200904020017
200904020019
200904020020
200904030001
200904030002
200904030003
200904030004
200904030006
200904030009
200904030010
200904030011
200904030012
200904030013
200904030015
200904030016
200904040001
200904040003
200904040004
200904040006
200904040008
200904040009
200904040010
200904040011
200904040014
200904040016
200904040020
200904050001
200904050002
200904050005
200904050007
200904050011
200904050013
200904050014
200904050016
200904060001
200904060002
200904060003  200904060007  200904060008  200904060024
200904060004
200904060005
200904060006
200904060007  200904060003  200904060008  200904060024
200904060008  200904060003  200904060007  200904060024
200904060009
200904060010
200904060011
200904060012
200904060013  200904060019
200904060014
200904060017
200904060019  200904060013
200904060021
200904060022
200904060024  200904060003  200904060007  200904060008
200904070001
200904070002
200904070003
200904070004
200904070005
200904070008
200904070009
200904070010
200904070012
200904080001
200904080002
200904080003
200904080004
200904080005
200904080007
200904080008
200904080014
200904080015
200904080016
200904080018
200904080019
200904080020
200904080021
200904080022
200904090002
200904090003
200904090006
200904090009
200904090016  200904090017
200904090017  200904090016
200904090018
200904090019
200904090020
200904090021
200904090024
200904090025
200904090026
200904090028
200904090029
200904090030
200904090031
200904100001
200904100003
200904100006
200904100007
200904100008
200904100010
200904100011
200904100012
200904100013
200904100014
200904100016
200904100017
200904100018
200904100019
200904100020
200904100021
200904100022
200904100028  200904100029
200904100029  200904100028
200904110001
200904110002
200904110005
200904110006
200904110007
200904110008
200904110011
200904120001
200904120002
200904120003
200904120004
200904120005
200904120007
200904120008
200904120009
200904120012
200904120014
200904120015
200904120017
200904120019
200904120020
200904130001
200904130002
200904130005
200904130006
200904130011
200904130012
200904130013
200904130015
200904130016
200904130019
200904130020
200904130022
200904130024
200904130025
200904130026
200904130031
200904140002
200904140005
200904140009
200904140010
200904140011
200904140013
200904140017
200904140018
200904140019
200904150001
200904150003
200904150004
200904150005
200904150006
200904150009
200904150011
200904150012
200904150013
200904150014
200904150016
200904150017
200904150018
200904150019
200904150020
200904150022
200904150023
200904160001
200904160002
200904160004
200904160007
200904160008
200904160010
200904160011
200904160012
200904160014
200904160016
200904160018
200904160020
200904160021
200904160022
200904160023
200904160024
200904160032
200904160033
200904160037
200904160038
200904170002
200904170004
200904170005
200904170006
200904170008
200904170009
200904170011
200904170012
200904170013
200904170015
200904170018
200904180001
200904180003
200904180004
200904180008
200904180014
200904180015
200904180016
200904180017
200904190002
200904190003
200904190004
200904190007
200904190008
200904190009
200904190010
200904190011
200904190013
200904190014
200904190015
200904190016
200904190019
200904190020
200904190021
200904190025
200904190026
200904200003
200904200005
200904200006
200904200007
200904200008
200904200009
200904200010
200904200011  200904200030
200904200012
200904200013
200904200014
200904200015
200904200017
200904200018
200904200019
200904200024
200904200025
200904200027
200904200028
200904200030  200904200011
200904210001
200904210004
200904210006
200904210008
200904210009
200904210011
200904210012
200904210013
200904210014  200904210015
200904210015  200904210014
200904210016
200904210017
200904210018
200904210019
200904220001
200904220002
200904220003
200904220004
200904220012
200904220013
200904220014
200904220015
200904230001
200904230003
200904230004
200904230006
200904230010
200904230011
200904230014
200904230015
200904230017
200904230018
200904230019
200904230020
200904230022
200904230023
200904230026
200904230028
200904230029
200904230030
200904230036
200904240001
200904240002
200904240003
200904240004
200904240005
200904240007
200904240008
200904240009
200904240013
200904240014
200904240016
200904250001
200904250002
200904250003
200904250005
200904250008
200904250015
200904250016
200904250017
200904250021
200904250022
200904250025
200904250026
200904250028  200904250031  200904250009  200904250010  200904250011  200904250012  200904250013  200904250014  200904250015
200904250031  200904250028  200904250009  200904250010  200904250011  200904250012  200904250013  200904250014  200904250015
200904260001
200904260003
200904260004
200904260005
200904260008
200904260009
200904260011
200904260012
200904260014
200904260017
200904260018
200904260020
200904260025
200904260027
200904260028
200904260029
200904260030
200904260031
200904270001
200904270003
200904270005
200904270008
200904270009  200904250028  200904250031  200904250010  200904250011  200904250012  200904250013  200904250014  200904250015
200904270010  200904250028  200904250031  200904250009  200904250011  200904250012  200904250013  200904250014  200904250015
200904270011  200904250028  200904250031  200904250009  200904250010  200904250012  200904250013  200904250014  200904250015
200904270012  200904250028  200904250031  200904250009  200904250010  200904250011  200904250013  200904250014  200904250015
200904270013  200904250028  200904250031  200904250009  200904250010  200904250011  200904250012  200904250014  200904250015
200904270014  200904250028  200904250031  200904250009  200904250010  200904250011  200904250012  200904250013  200904250015
200904270015  200904250028  200904250031  200904250009  200904250010  200904250011  200904250012  200904250013  200904250014
200904270016
200904270018
200904270022
200904270024
200904270025
200904280002
200904280003
200904280004
200904280005
200904280006
200904280009
200904280010
200904280011
200904280012
200904290002
200904290003
200904290004
200904290005
200904290006
200904290009
200904290011
200904290012
200904290014
200904290015
200904290017
200904290018
200904290019
200904290020
200904290021
200904290023
200904290024
200904290026
200904290027
200904290028
200904290029
200904300001
200904300002
200904300003
200904300004
200904300005
200904300006
200904300007
200904300008
200904300011
200904300018
200904300019
200904300022
200904300024
200904300025
200905010001
200905010002
200905010010
200905010011
200905010017
200905010018
200905010019
200905010020
200905010021
200905020004
200905020006
200905020007
200905020008
200905020009
200905020012
200905020013
200905020016
200905020017
200905020019
200905020020
200905020021
200905030001
200905030003
200905030005
200905030006
200905030007
200905030008
200905030013
200905030014
200905030015
200905030017
200905030019
200905030020
200905030022
200905040001
200905040002
200905040003  200905040004  200905040005
200905040004  200905040003  200905040005
200905040005  200905040003  200905040004
200905040006
200905040007
200905040008
200905040009
200905040010
200905040011
200905040012
200905040014
200905040018
200905050001
200905050002
200905050003
200905050004  200905050005  200905050006
200905050005  200905050004  200905050006
200905050006  200905050004  200905050005
200905050007
200905050008
200905050010
200905050012
200905050013
200905050014
200905050015
200905050016
200905050018
200905050019
200905050020
200905050021
200905060001
200905060004
200905060006
200905060008
200905060010
200905060011
200905060017  200905060018  200905060019
200905060018  200905060017  200905060019
200905060019  200905060017  200905060018
200905060024
200905070001
200905070005
200905070007
200905070009
200905070013
200905070014
200905070015
200905070017
200905080001
200905080003
200905080005
200905080008
200905080012
200905080013
200905080016
200905080018
200905090001
200905090006
200905090008
200905090009
200905090010
200905090013
200905090015  200905090016  200905100023
200905090016  200905090015  200905100023
200905090017
200905090018
200905090019
200905090020
200905090021
200905090022
200905090024
200905100002
200905100005
200905100006
200905100007
200905100012
200905100013
200905100018  200905110001
200905100020
200905100021
200905100022
200905100023  200905090015  200905090016
200905100024
200905110001  200905100018
200905110004
200905110005
200905110008
200905110009
200905110010
200905110011
200905110012
200905110013
200905110014
200905110015
200905110016
200905110020
200905110022
200905110023
200905110025
200905110026
200905110027
200905110028
200905110030
200905110031
200905110032
200905110035
200905110036
200905120001
200905120003
200905120004
200905120006
200905120007
200905120008
200905120009  200905120021  200905120022
200905120010
200905120011
200905120012
200905120014
200905120017
200905120018
200905120021  200905120009  200905120022
200905120022  200905120009  200905120021
200905130002
200905130003
200905130004
200905130007
200905130008
200905130009
200905130010
200905130011
200905130012
200905130013
200905130014
200905130017
200905130018
200905130019
200905130020
200905130021
200905130022
200905130024
200905130025
200905130026
200905130027
200905130028
200905130030
200905140001
200905140002
200905140004
200905140005
200905140006
200905140007
200905140008
200905140009
200905140010
200905140012
200905140013
200905140015
200905140017
200905140018
200905140020
200905140021
200905150003
200905150004
200905150008
200905150009
200905150010
200905150014
200905150015
200905150017
200905150019
200905160003
200905160004
200905160005
200905160007
200905160008
200905160009
200905160010
200905160011
200905160013
200905160014
200905160015  200905160016
200905160016  200905160015
200905160018
200905160019
200905160021
200905160022
200905170001
200905170002
200905170003
200905170004
200905170005
200905170006
200905170007
200905170008
200905170009
200905170010
200905170011
200905170012
200905170013
200905170014
200905170015
200905170016
200905170017
200905170020
200905180001
200905180003
200905180004
200905180007
200905180009
200905180011
200905180012
200905180013
200905190002
200905190003
200905190004
200905190005
200905190011
200905190012
200905190013
200905190015
200905190016
200905190017
200905190018
200905190019  200905190020  200905190030
200905190020  200905190019  200905190030
200905190025
200905190026
200905190027
200905190028
200905190029
200905190030  200905190019  200905190020
200905200001
200905200002
200905200003
200905200005
200905200007
200905200008
200905200010
200905200014
200905200017
200905200019
200905200021
200905200024
200905210002
200905210004
200905210005
200905210006
200905210009
200905210010
200905210011
200905210012
200905210013
200905210014
200905220001
200905220003
200905220008
200905220016
200905220017
200905220020
200905220021
200905230001
200905230002
200905230003
200905230004
200905230005
200905230007
200905230016
200905230018
200905230019
200905230022
200905240001
200905240003
200905240004
200905240006
200905240008
200905240009
200905240010
200905240011
200905240016
200905240020
200905240021
200905250006
200905250009
200905250013
200905250015
200905250017
200905250019
200905250020
200905260001
200905260005
200905260006
200905260007
200905260009
200905260010  200905260021
200905260012
200905260013
200905260015
200905260018
200905260019
200905260020
200905260021  200905260010
200905270001
200905270002
200905270003
200905270005
200905270006
200905270008  200905270009  200905270010
200905270009  200905270008  200905270010
200905270010  200905270008  200905270009
200905270011
200905270012
200905270014
200905270015
200905270016
200905280001
200905280002
200905280004
200905280005
200905280006
200905280009
200905280010
200905280011
200905280012  200905280024
200905280013
200905280014
200905280015
200905280016
200905280017
200905280019
200905280020
200905280021
200905280022
200905280023
200905290001
200905290002
200905290003
200905290004
200905290005
200905290006
200905290007
200905290008
200905290009
200905290010
200905290011
200905290013
200905290014
200905290015
200905290017
200905290018
200905290019
200905290020
200905290022
200905290023
200905290026
200905290027
200905290028
200905290029
200905290031
200905290032
200905290033
200905290034
200905300002
200905300005
200905300006
200905300007
200905300009
200905300010
200905300012
200905300013
200905300014
200905300016  200905300017
200905300017  200905300016
200905310001
200905310002
200905310003
200905310005
200905310006
200905310007
200905310013
200905310016
200905310017
200905310019  200906010028
200906010001
200906010002
200906010003
200906010004
200906010005
200906010006
200906010007  200906010016  200906010017
200906010008
200906010009
200906010010
200906010011
200906010013
200906010016  200906010007  200906010017
200906010017  200906010007  200906010016
200906010018
200906010024
200906010025
200906010026
200906010027
200905310019  200906010028
200906020002
200906020003
200906020007
200906020008
200906020009
200906020015
200906020017
200906020019
200906030002
200906030003
200906030004
200906030005
200906030006
200906030007
200906030009
200906030010
200906030011
200906030012
200906030013
200906030015
200906030016
200906030017
200906030018
200906030021
200906030022
200906030024
200906030025
200906030027
200906040001
200906040002
200906040003
200906040004
200906040005
200906040006
200906040009
200906040011
200906040013  200906040014  200906040015
200906040014  200906040013  200906040015
200906040015  200906040013  200906040014
200906040016
200906040018
200906050001
200906050002
200906050003
200906050004
200906050005
200906050006
200906050007
200906050008
200906050009
200906050010
200906050011
200906050013
200906050014
200906050017
200906050019
200906050020
200906050021
200906050022
200906050023
200906050024
200906050028
200906060002
200906060004
200906060006
200906060008
200906060009
200906060010
200906060011
200906060014
200906060015
200906070001
200906070002
200906070003
200906070004
200906070005
200906070006
200906070010
200906070011  200906070012  200906070013
200906070012  200906070011  200906070013
200906070013  200906070011  200906070012
200906070014
200906070017
200906070018
200906070020
200906070021
200906070023
200906080001
200906080002
200906080004
200906080005
200906080006
200906080008
200906080009
200906080010  200906080032
200906080011
200906080012
200906080013
200906080016
200906080017
200906080019
200906080020
200906080025
200906080026
200906080027
200906080030
200906080031
200906080032  200906080010
200906090001
200906090002
200906090005
200906090006
200906090007
200906090008
200906090009  200906090011
200906090010
200906090011  200906090009
200906090015
200906090016
200906090017  200906090018  200906090019
200906090018  200906090017  200906090019
200906090019  200906090017  200906090018
200906090020
200906090023
200906090025
200906100001
200906100002
200906100003
200906100004
200906100005
200906100007
200906100009
200906100010
200906100012
200906100013
200906100014
200906100015
200906110002
200906110003
200906110004
200906110005
200906110007
200906110011
200906110016
200906110017
200906110018
200906110019
200906110020
200906120001
200906120002
200906120003
200906120004
200906120005
200906120006
200906120007
200906120008
200906120010
200906120011
200906120012
200906120014
200906120015
200906120016
200906120018
200906120021
200906130001
200906130002
200906130003
200906130004
200906130009
200906130010
200906130011
200906130016
200906130018
200906130022
200906130024
200906130025
200906130026
200906130027
200906140001
200906140003
200906140004
200906140005
200906140006
200906140007
200906140010
200906140011
200906140012
200906140013
200906140017
200906150001
200906150002
200906150004
200906150005
200906150007
200906150008
200906150010
200906150011
200906150013
200906150014
200906150017
200906150019  200906150020  200906150021
200906150020  200906150019  200906150021
200906150021  200906150019  200906150020
200906150022
200906150023  200906150024  200906150025  200906150026
200906150024  200906150023  200906150025  200906150026
200906150025  200906150023  200906150024  200906150026
200906150026  200906150023  200906150024  200906150025
200906160001
200906160004
200906160005
200906160008
200906160009
200906160010
200906170001
200906170002
200906170003
200906170004
200906170005
200906170006
200906170007
200906170008
200906170009
200906170010
200906170012
200906170013
200906170014
200906170015
200906170016
200906170017
200906170020
200906170021
200906170022
200906170023
200906170024
200906180002
200906180003
200906180004
200906180005
200906180006
200906180007
200906180011
200906180012
200906180013
200906180014
200906180015
200906180016
200906180017
200906190001
200906190002
200906190003
200906190004
200906190006
200906190007
200906190011
200906190012
200906190013
200906190016
200906190019
200906190021
200906190027
200906190028
200906190029
200906200001
200906200003
200906200004
200906200005
200906200006
200906200008
200906200010
200906200012
200906200013
200906200014
200906200015
200906200016
200906200018
200906200019
200906200020
200906200021
200906200023
200906200025
200906210001
200906210002
200906210003
200906210004
200906210006
200906210008
200906210009
200906210011
200906210012
200906210017
200906220002
200906220003
200906220004
200906220006
200906220007
200906220008
200906220009
200906220010
200906220011
200906220012
200906220013
200906220014
200906220015
200906220016
200906220017
200906220018
200906220020
200906220021
200906220022
200906220023
200906230001
200906230002
200906230004
200906230006
200906230007
200906230008  200906230009  200906230010
200906230009  200906230008  200906230010
200906230010  200906230008  200906230009
200906230013
200906230015
200906230017
200906230018
200906230019
200906230020
200906240001
200906240002
200906240003
200906240004
200906240006
200906240007
200906240009
200906240010
200906240012
200906240015
200906240018
200906240019
200906240020
200906240023
200906250001  200906250017
200906250002
200906250005
200906250007
200906250012
200906250014
200906250015
200906250016
200906250017  200906250001
200906250018
200906250019
200906250021
200906250022
200906250023
200906250026
200906260001
200906260002
200906260004
200906260005
200906260007
200906260008
200906260009
200906260010
200906260012
200906260013
200906260014
200906260016
200906260019
200906270001
200906270003
200906270004
200906270005
200906270006
200906270007
200906270008
200906270010
200906270011
200906280002
200906280003
200906280004
200906280005
200906280009
200906280011
200906280012
200906280013
200906280016
200906280018
200906280019
200906280020
200906290003
200906290008
200906290009
200906290010
200906290011
200906290012
200906290013
200906290014
200906300001  200906300005
200906300002
200906300003
200906300004
200906300005  200906300001
200906300006
200906300012
200906300013
200906300014
200906300015
200906300016
200906300017
200906300019
200906300020
200906300021
200907010001
200907010002
200907010003
200907010004
200907010005
200907010006
200907010007
200907010012
200907010013
200907010014
200907010015
200907010017
200907020001
200907020002
200907020003
200907020004
200907020005
200907020009
200907020011
200907020012
200907020013
200907020015
200907020018
200907020021
200907020022
200907030001
200907030002
200907030004
200907030005
200907030010
200907030012
200907030014
200907030015
200907030017
200907030019
200907030020
200907030021
200907040001
200907040002
200907040004
200907040005
200907040006
200907040007
200907040008
200907040009
200907040010
200907040014
200907040015
200907040020
200907040023  200907040025
200907040024
200907040025  200907040023
200907050003
200907050005
200907050006
200907050008
200907050009
200907050010
200907050012
200907050013
200907050014
200907050015
200907050017
200907050019
200907050020
200907050021
200907060001
200907060002
200907060003
200907060004
200907060007
200907060008
200907060009
200907060010
200907060011
200907060012
200907060013
200907060014
200907060015
200907060016
200907060017
200907060018
200907070001
200907070003
200907070004
200907070006
200907070007
200907070011
200907070015
200907070017
200907070018
200907070019
200907070020
200907070021
200907070022
200907070023
200907070024
200907070026
200907070027
200907070028
200907070029
200907080006
200907080007
200907080008
200907080011
200907080012  200907080013
200907080013  200907080012
200907080014
200907080015
200907080017
200907080018
200907080019  200907080020
200907080020  200907080019
200907080021
200907090001
200907090002
200907090003
200907090006
200907090009  200907090024
200907090011
200907090012
200907090013
200907090016
200907090017
200907090018
200907090020
200907090021
200907090022
200907090023
200907090024  200907090009
200907100002
200907100003
200907100004
200907100008
200907100009
200907100010
200907100015
200907100016
200907100017
200907100018
200907100019
200907100020
200907100021
200907110001
200907110002
200907110003
200907110006
200907110007
200907110008
200907110010
200907110014
200907110015
200907110016
200907110018
200907110019
200907110020
200907110021
200907110022
200907110023
200907120001
200907120003
200907120006
200907120007
200907120012
200907120013  200907120014  200907120019  200907120022  200907120023
200907120014  200907120013  200907120019  200907120022  200907120023
200907120015
200907120016
200907120018
200907120019  200907120013  200907120014  200907120022  200907120023
200907120020  200907120021
200907120021  200907120020
200907120022  200907120013  200907120014  200907120019  200907120023
200907120023  200907120013  200907120014  200907120019  200907120022
200907130001
200907130002
200907130005
200907130006
200907130008
200907130009
200907130010
200907130011
200907130015
200907130017
200907130020
200907130025
200907130026
200907130027
200907130028
200907130029
200907140003
200907140005
200907140006
200907140007
200907140008
200907140009
200907140011
200907140013
200907140019
200907140020
200907150002
200907150005
200907150006
200907150008
200907150009
200907150012
200907150013
200907150014
200907150015
200907150016
200907150017
200907150018
200907150020
200907150021
200907150022
200907150023
200907160001
200907160004
200907160005
200907160006
200907160011
200907160012
200907160013
200907160015
200907160016
200907160019
200907160020
200907160022
200907160023
200907170004
200907170005
200907170009
200907170012
200907170013
200907170015
200907170016
200907170017
200907170018
200907170019
200907170020
200907170021
200907170022
200907170023
200907170027
200907170028
200907170029
200907170030
200907170033
200907170034
200907170035  200907170036
200907170036  200907170035
200907170037
200907180002
200907180005
200907180006
200907180009
200907180010
200907180011
200907180012
200907180013
200907180014
200907180016
200907180017
200907180018
200907180020
200907180021
200907190001
200907190003
200907190004
200907190005
200907190007
200907190008
200907190009
200907190011
200907190013
200907200001
200907200003
200907200004
200907200005
200907200008
200907200009
200907200011
200907200012  200907200022  200907200023
200907200013
200907200015
200907200016
200907200017
200907200018
200907200021
200907200022  200907200012  200907200023
200907200023  200907200012  200907200022
200907200024
200907210001
200907210002  200907210003
200907210003  200907210002
200907210004
200907210005
200907210007
200907210008
200907210009
200907210010
200907210012
200907210013
200907210014
200907210015
200907210016
200907210020
200907210021
200907210022
200907210024
200907210025
200907210026
200907210029
200907210030
200907220002
200907220003
200907220004
200907220006
200907220007
200907220008
200907220010
200907220011
200907220012
200907220013
200907220014
200907220015
200907220016
200907220017
200907220018
200907220021
200907220022
200907220024
200907220025
200907220027
200907220028
200907230002
200907230003
200907230006
200907230008
200907230011
200907230012
200907230013
200907230019
200907230020
200907230021
200907240002
200907240005
200907240006
200907240007
200907240010
200907240012
200907250001
200907250002
200907250003
200907250004
200907250007  200907250008
200907250008  200907250007
200907250009
200907250011
200907260002
200907260003
200907260004
200907260005
200907260009
200907260011
200907260012
200907260013
200907260014
200907260015
200907260017
200907260020
200907260021
200907260023
200907270002
200907270006
200907270007
200907270008
200907270009
200907270010
200907270011
200907270012
200907270013
200907270014
200907270015  200907270030  200907270031
200907270016  200907270027  200907270028  200907270029
200907270017  200907270025  200907270026
200907270020
200907270023
200907270024
200907270025  200907270017  200907270026
200907270026  200907270017  200907270025
200907270027  200907270016  200907270028  200907270029
200907270028  200907270016  200907270027  200907270029
200907270029  200907270016  200907270027  200907270028
200907270030  200907270015  200907270031
200907270031  200907270015  200907270030
200907280001
200907280002
200907280003
200907280004
200907280005
200907280006
200907280007
200907280010
200907280012
200907280013  200907280032
200907280015  200907280027  200907280028  200907280029  200907280030  200907280031
200907280016
200907280017
200907280018
200907280019
200907280021
200907280022
200907280024
200907280025
200907280026
200907280027  200907280015  200907280028  200907280029  200907280030  200907280031
200907280028  200907280015  200907280027  200907280029  200907280030  200907280031
200907280029  200907280015  200907280027  200907280028  200907280030  200907280031
200907280030  200907280015  200907280027  200907280028  200907280029  200907280031
200907280031  200907280015  200907280027  200907280028  200907280029  200907280030
200907280032  200907280013
200907290001
200907290002
200907290003
200907290007
200907290008
200907290009
200907290010
200907290011
200907290014
200907290015
200907290018
200907290020
200907290022
200907290024
200907290025
200907290026
200907290027
200907290029
200907300003
200907300006
200907300009
200907300010
200907300011
200907300013
200907300014
200907300015
200907300016
200907300017  200907300026
200907300018
200907300019
200907300020
200907300021
200907300022
200907300023
200907300024
200907300026  200907300017
200907310004
200907310008
200907310010
200907310011  200907310012  200907310013  200907310014  200907310015
200907310012  200907310011  200907310013  200907310014  200907310015
200907310013  200907310011  200907310012  200907310014  200907310015
200907310014  200907310011  200907310012  200907310013  200907310015
200907310015  200907310011  200907310012  200907310013  200907310014
200908010001
200908010003
200908010005
200908010006
200908010007
200908010008  200908010022
200908010010
200908010011
200908010012
200908010013
200908010014
200908010017
200908010020
200908010021
200908010022  200908010008
200908010023
200908020001
200908020003
200908020004
200908020006
200908020007
200908020008
200908020009
200908020010
200908020012
200908020013
200908020015
200908030001
200908030002
200908030004
200908030005
200908030007
200908030009
200908030017
200908040001
200908040002
200908040003
200908040007
200908040008
200908040009
200908040012
200908040014
200908040015
200908040016
200908050001
200908050003
200908050004
200908050005
200908050006
200908050007
200908050008
200908050009
200908050010
200908050011
200908050012
200908050013
200908050014
200908050015
200908050016
200908060005
200908060006
200908060007
200908060008
200908060009
200908060010
200908060011
200908060015
200908060016
200908060017
200908070001
200908070002
200908070003
200908070004
200908070005
200908070006
200908070007
200908070008
200908070009
200908070010
200908080001
200908080002
200908080003
200908080004
200908080005
200908080006
200908080008
200908080009
200908080013
200908080014
200908090001
200908090002
200908090003
200908090004
200908090005
200908090006  200908090007  200908090008
200908090007  200908090006  200908090008
200908090008  200908090006  200908090007
200908090009
200908090010
200908090013
200908090015
200908090016
200908090017  200908090018
200908090018  200908090017
200908090019
200908090020
200908100001
200908100002
200908100004
200908100005
200908100006
200908100007
200908100009  200908100010
200908100010  200908100009
200908100011
200908100012
200908100013  200908100014
200908100014  200908100013
200908100015
200908100016
200908100017
200908100018
200908100020
200908100021
200908100022
200908100023
200908100024
200908110001
200908110002
200908110005
200908110006
200908110007
200908110009
200908110011
200908110014
200908110015
200908110017
200908110018
200908110020
200908110021
200908110022
200908110023
200908110024
200908110025
200908110026
200908120001
200908120002  200908120003
200908120003  200908120002
200908120005
200908120006
200908120007
200908120008
200908120009
200908120010
200908120011
200908120012
200908120013
200908120014
200908120016
200908120017
200908120018
200908120019
200908120021
200908120022
200908130003
200908130004
200908130007
200908130008
200908130009
200908130010
200908130012
200908130013
200908130015
200908130016
200908130019
200908130020
200908130023
200908130024
200908140005
200908140006
200908140008
200908140009
200908140010
200908140011
200908140012
200908140013
200908140014
200908140015
200908140016
200908140017
200908140018
200908150002
200908150005
200908150009
200908150010
200908150011
200908150012
200908150013
200908150014
200908150015
200908150019
200908150020
200908150022
200908160003
200908160006
200908160007
200908160008
200908160010
200908160011  200908160012  200908160013
200908160012  200908160011  200908160013
200908160013  200908160011  200908160012
200908160014
200908170002
200908170003
200908170007
200908170009
200908170010
200908170012
200908170013
200908170014
200908170015
200908170016
200908170017
200908180002
200908180003
200908180004
200908180006
200908180009
200908180014
200908180015
200908180016
200908180018
200908190001
200908190003
200908190006
200908190007
200908190013
200908190015
200908190016
200908190017
200908190019
200908190020
200908190021
200908200005
200908200006
200908200007
200908200011
200908200013
200908200014
200908200017
200908200019
200908200020
200908200021
200908200023
200908200025
200908200030
200908200041
200908200042
200908200043
200908200044
200908200045
200908200046
200908200047
200908200048
200908200049
200908200051
200908200054
200908200055
200908200058
200908200059
200908200061
200908200062
200908200065
200908210001
200908210003  200908210004
200908210004  200908210003
200908210007
200908210011
200908210012
200908210014
200908210015
200908210017
200908210018
200908210021
200908210022
200908210023
200908220002
200908220005
200908220007
200908220008
200908220010
200908220011
200908220013
200908220014
200908220015
200908230001
200908230002
200908230004
200908230005
200908230007
200908230008
200908230011
200908230012
200908240005
200908240007
200908240008
200908240009  200908240014
200908240010
200908240011
200908240012
200908240013
200908240014  200908240009
200908240015
200908240016
200908240018
200908240019
200908240020
200908250003
200908250004
200908250005
200908250006
200908250007
200908250008
200908250010
200908250011
200908250012
200908250013
200908250014
200908250016
200908250018
200908250020
200908250021
200908250025
200908250027
200908250031
200908250032
200908250033
200908250034
200908250035
200908250037
200908260001
200908260004
200908260005
200908260006
200908260007
200908260008
200908260009
200908260010
200908260015
200908260017
200908260018
200908260021
200908260022
200908260023  200908260024  200908260025
200908260024  200908260023  200908260025
200908260025  200908260023  200908260024
200908260026
200908260031
200908260032
200908260033
200908260038
200908260039
200908260040
200908260042
200908270001
200908270004
200908270006
200908270007
200908270008
200908270009
200908270010
200908270011
200908280002
200908280003
200908280005
200908280011
200908280013
200908280016
200908290001
200908290003
200908290004
200908290006
200908290007
200908290008
200908290010
200908290012
200908290013
200908290014
200908290017
200908290019
200908300001
200908300002
200908300003
200908300005
200908300006
200908300010
200908300013
200908310002
200908310005
200908310008
200908310011
200909010002
200909010003
200909010005
200909010006
200909010007
200909010010
200909010011
200909010012
200909010013
200909010015
200909020001
200909020002  200909020003
200909020003  200909020002
200909020004
200909020006
200909020008
200909020009
200909020010
200909020014
200909020017
200909020020
200909020021
200909020022
200909020023
200909020024
200909030002
200909030003
200909030005
200909030007
200909030008
200909030009
200909030010
200909030011
200909030012
200909030013
200909030014
200909030015
200909030016
200909030017
200909030018
200909030019
200909030020
200909030021
200909030022
200909040003
200909040004
200909040005
200909040006
200909040007
200909040008
200909040011
200909050004
200909050007
200909050010
200909050011
200909050013
200909050014
200909060001
200909060002
200909060004
200909060005
200909060008
200909060009
200909060011
200909060012
200909060013
200909060014
200909060015
200909060017
200909060019
200909060020
200909060021
200909060022
200909060023
200909070002
200909070004
200909070006
200909070008
200909070010
200909070011
200909070012
200909070014
200909070015
200909070016
200909070017
200909070018
200909070019
200909070020
200909070021
200909080001
200909080002
200909080009
200909080010
200909080011
200909080012
200909080013
200909080014
200909080015
200909080016
200909080017
200909090001
200909090002
200909090003
200909090004
200909090005
200909090006
200909090010
200909090011
200909090014
200909090015
200909090016
200909090018
200909090019
200909090020
200909090021
200909090022
200909090023
200909090024
200909090025
200909090026
200909090027
200909100001
200909100002
200909100003
200909100006
200909100007  200909100009  200909100010  200909100011
200909100008
200909100009  200909100007  200909100010  200909100011
200909100010  200909100007  200909100009  200909100011
200909100011  200909100007  200909100009  200909100010
200909100012
200909100015
200909100016
200909100017
200909100018
200909100019
200909100020  200909100021
200909100021  200909100020
200909100022
200909100023
200909100024
200909100026
200909110003
200909110005
200909110006
200909110012
200909110015
200909110016
200909110017
200909110020
200909120002
200909120003
200909120004
200909120006
200909120009
200909120012
200909120013
200909120014
200909120016
200909120017
200909120018
200909120019
200909130001
200909130006
200909130010
200909130011
200909130013
200909130014
200909130016
200909130017
200909130018
200909130019
200909130020
200909130021
200909140002
200909140003
200909140004
200909140007
200909140011
200909140013
200909140014
200909150001
200909150003
200909150004
200909150005
200909150006
200909150007
200909150009
200909150012
200909150014
200909150016
200909150017
200909150018
200909160003
200909160005
200909160007
200909160008
200909160009
200909160011
200909160012
200909160013
200909160014
200909160015
200909160016
200909160017
200909160018
200909160020  200909160021  200909160028
200909160021  200909160020  200909160028
200909160022
200909170003
200909170006
200909170010
200909170011
200909170012
200909170014
200909170015
200909170016
200909170018
200909170021
200909170022
200909170023
200909170024
200909170025
200909170026
200909170027
200909170028  200909160020  200909160021
200909180001
200909180004
200909180006
200909180007
200909180008
200909180010
200909180011
200909180013
200909180016  200909180020
200909180017
200909180018
200909180019
200909180020  200909180016
200909180021
200909180022
200909190001
200909190003
200909190004
200909190005
200909190007
200909200002
200909200007
200909200010
200909210001
200909210004
200909210005
200909210006
200909210009
200909210016
200909220003
200909220005
200909220006
200909220008
200909230001
200909230007
200909230008
200909230009
200909230012
200909230014
200909230015
200909230016
200909240002
200909240003
200909240004
200909240005
200909240011
200909240012
200909250002
200909250005
200909250006
200909250008
200909250009
200909260001
200909260003
200909260005
200909260007
200909260010
200909260011
200909260012
200909270001
200909270004
200909270006
200909270008
200909270009
200909270010
200909270011
200909270012
200909270014
200909280003
200909280005
200909280006
200909280007
200909280008
200909280013
200909280014
200909280016
200909280017  200909280022  200909280023  200909280024
200909280019
200909280020
200909280021
200909280022  200909280017  200909280023  200909280024
200909280023  200909280017  200909280022  200909280024
200909280024  200909280017  200909280022  200909280023
200909280025
200909280026
200909290001
200909290002
200909290006
200909290007
200909290009
200909290011
200909290012
200909290013
200909290014
200909290015
200909290017
200909290018
200909290019
200909290020
200909290021
200909290022
200909290023
200909300001
200909300002
200909300004
200909300005
200909300006
200909300007
200909300008
200909300010
200909300011
200909300012
200909300013
200909300014
200909300015
200909300018
200910010003
200910010004
200910010006
200910010008
200910010010
200910010013
200910010017
200910010018
200910010019
200910010020
200910010021
200910010024
200910020002
200910020003
200910020007
200910020011
200910020015  200910020016
200910020016  200910020015
200910020017
200910020018
200910020019
200910020020
200910020021
200910020022
200910020023
200910020024
200910020025
200910030005
200910030006
200910030007
200910030009
200910030010
200910030013
200910030014
200910030016
200910030017
200910030018
200910030019
200910030020
200910040002
200910040004
200910040006
200910040007
200910040010
200910040012
200910040013
200910040014
200910040015
200910040016
200910050003
200910050004
200910050006
200910050007
200910050009
200910050010
200910050012
200910050013
200910050014
200910050015
200910050016
200910050017
200910050018
200910050019
200910050020
200910060003
200910060004
200910060007
200910060010
200910060011
200910060012
200910060013
200910060014
200910060015
200910060016
200910060018
200910060020
200910060021
200910070004
200910070011
200910070013
200910070014
200910070015
200910070016
200910070017
200910070019
200910070020
200910070021
200910070022
200910080003
200910080004
200910080005
200910080007
200910080008
200910080009
200910080010
200910080012
200910080013
200910080014
200910080015
200910080018
200910080019
200910080020
200910080021
200910090005
200910090006
200910090007  200910090008  200910090009
200910090008  200910090007  200910090009
200910090009  200910090007  200910090008
200910090011
200910090012
200910090013
200910090014
200910090015
200910090019
200910100004
200910100006
200910100013
200910100014
200910100015
200910110002
200910110004
200910110005
200910110006
200910110007
200910110008
200910110010
200910110012
200910110013
200910110016
200910110017
200910110018
200910110019
200910120002
200910120006
200910120008
200910120012
200910120013
200910120015
200910120016
200910120017
200910120018
200910120019
200910120020
200910120021
200910120022
200910120023
200910120024
200910120025
200910120026
200910120027
200910120028
200910120030
200910120031
200910120032
200910120033
200910120034
200910120035
200910120036
200910120037
200910120038
200910120039
200910130001
200910130002
200910130003
200910130004  200910130005
200910130005  200910130004
200910130007  200910130008
200910130008  200910130007
200910130009
200910130010
200910130011
200910130013
200910130014
200910130015
200910130016
200910130017
200910130018
200910130019
200910130020
200910130021
200910130022
200910130023
200910130024
200910130025
200910130026
200910130027
200910130029
200910140002
200910140003
200910140004
200910140005
200910140006
200910140007
200910140008  200910140009
200910140009  200910140008
200910140010
200910140011
200910150001
200910150012
200910150013
200910150014
200910150015
200910150016
200910150017
200910150018  200910150019  200910150020
200910150019  200910150018  200910150020
200910150020  200910150018  200910150019
200910150021
200910150022
200910150023
200910150024
200910160002
200910160004
200910160007
200910160008
200910160011
200910160012
200910160013
200910160014
200910170003
200910170005
200910170006
200910170007
200910170008
200910170009
200910170010
200910170011
200910180002
200910180005
200910180006
200910180007
200910180008
200910180009
200910180010
200910180011
200910180012
200910180013
200910180015
200910180016
200910180017
200910180019
200910190003
200910190006
200910190009
200910190010
200910190011
200910190012
200910190015
200910190016
200910190017
200910190018
200910190019
200910190020
200910190021
200910190022
200910200002
200910200006
200910200008
200910200010
200910200011
200910200012
200910200015
200910200017
200910200018
200910200019
200910200020
200910210001
200910210002
200910210004
200910210008
200910210009
200910210011
200910210012
200910210013
200910210014
200910210015
200910210018
200910210019
200910210020
200910210021
200910210022
200910210023
200910210024
200910210025
200910210027
200910220001
200910220002
200910220003
200910220006
200910220010
200910220011
200910220012
200910220013
200910220014
200910220015
200910220016
200910220017
200910220018
200910230001
200910230004
200910230006
200910230007
200910230008
200910230009
200910230010
200910230011
200910230012
200910240004
200910240005
200910240006
200910240007
200910240008
200910240010
200910250001  200910250005
200910250002
200910250003
200910250004
200910250005  200910250001
200910250006
200910250007
200910250008
200910250010
200910250011
200910260001
200910260002
200910260005
200910260008
200910260009
200910270003
200910270004
200910270005
200910270008
200910270010
200910270012
200910270014
200910270015
200910270016  200910270018  200910270019  200910270021
200910270017
200910270018  200910270016  200910270019  200910270021
200910270019  200910270016  200910270018  200910270021
200910270021  200910270016  200910270018  200910270019
200910270022
200910270024  200910270025
200910270025  200910270024
200910270026
200910270027
200910280002
200910280004
200910280005
200910280006
200910280007
200910280010
200910280011
200910280013
200910280014
200910280015
200910280016
200910280017
200910280018
200910280019
200910280020
200910280021
200910280022
200910280023
200910280024
200910280025
200910280027
200910280028
200910280029
200910290001
200910290002
200910290003
200910290004
200910290005
200910290006
200910290007
200910290008
200910290009
200910290010
200910290011
200910290013
200910290014
200910290015
200910290016
200910300001
200910300002
200910300005
200910300006  200910300020
200910300009
200910300010
200910300011
200910300012
200910300014
200910300015
200910300016
200910300017
200910300019
200910300020  200910300006
200910300021
200910300022
200910300023
200910310001
200910310003
200910310004
200910310005
200910310006
200910310009
200910310010
200910310013
200910310014
200910310015
200910310016
200910310018
200910310021
200910310022
200910310023
200910310024
200910310025
200910310026
200910310027
200911010005
200911010006
200911010008
200911010011
200911010015
200911010016
200911010017
200911010018
200911010019
200911010020
200911020003
200911020006
200911020007
200911020008
200911020009
200911020010
200911020012
200911020013
200911020014
200911020015
200911030001
200911030002
200911030003
200911030006
200911030007
200911030009
200911030011
200911030013
200911030015
200911030018
200911030020
200911030021
200911040003
200911040004
200911040006
200911040010
200911040012
200911040013
200911040014
200911040015
200911040016
200911040017
200911050003
200911050004
200911050005
200911050006
200911050008
200911050009
200911050011
200911050012
200911050014
200911050015
200911050016
200911050018
200911050019
200911050020
200911050021
200911050023
200911050024
200911050026
200911050027
200911060002
200911060004
200911060005
200911060012
200911060013
200911060014
200911060016
200911060017
200911070001
200911070003
200911070004
200911070005
200911070009
200911070014
200911070015
200911070016
200911080001
200911080002
200911080003
200911080004
200911080005
200911080006
200911080008
200911080010
200911080011
200911080012
200911090001
200911090003
200911090004
200911090005  200911090006
200911090006  200911090005
200911090007
200911090010
200911090012
200911100002
200911100004
200911100005
200911100006
200911100007
200911100008
200911100009
200911100010
200911100011
200911100013
200911100014
200911100016
200911100017
200911100018
200911110001
200911110004
200911110005
200911110006
200911110008
200911110009
200911110010
200911110011  200911110025
200911110013
200911110018
200911110019
200911110020
200911110021
200911110022
200911110023
200911110024
200911110025  200911110011
200911120001
200911120002
200911120003
200911120004
200911120005
200911120007
200911120011
200911120014
200911120015
200911120016
200911120018
200911130001
200911130002
200911130004
200911130005
200911130006
200911130007
200911130008
200911130009
200911130011  200911130017
200911130014
200911130015
200911130016
200911130017  200911130011
200911130019
200911130020
200911130023
200911130024
200911140001
200911140005
200911140006
200911140007
200911140010
200911140011
200911140012
200911140013
200911150003
200911150007
200911150008
200911150009
200911150012
200911150013
200911150014
200911150017
200911150018
200911150020
200911150021
200911160001
200911160005  200911160006  200911160007
200911160006  200911160005  200911160007
200911160007  200911160005  200911160006
200911160010
200911160011
200911160013  200911160014
200911160014  200911160013
200911160015
200911160016
200911160017
200911160021
200911160022
200911160023
200911160024
200911160025
200911170002
200911170007  200911170008
200911170008  200911170007
200911170009
200911170010
200911170011
200911170013
200911170015
200911170017
200911170018
200911170019
200911180002
200911180004
200911180005
200911180007
200911180008
200911180010
200911180013
200911180014
200911180015
200911180016
200911180017
200911180018
200911190003
200911190004
200911190005
200911190011
200911190012
200911190013
200911190014
200911190015
200911190016
200911190017
200911190018
200911190019
200911200001
200911200003
200911200004
200911200005
200911200006
200911200007
200911200008
200911200011
200911200012
200911200013
200911200017
200911210002
200911210003
200911210004
200911210006
200911210008
200911210009
200911210010
200911210011
200911220001
200911220002
200911220003
200911220007
200911220008
200911220010
200911220011
200911220013
200911220014
200911220015
200911220016
200911220017
200911220020
200911220022
200911220027
200911220028
200911220031
200911230001
200911230002
200911230004
200911230006
200911230007  200911230010
200911230008
200911230010  200911230007
200911230011
200911230012
200911230013
200911230014
200911230015
200911230016
200911230018
200911230019
200911230022
200911230023
200911240002
200911240003
200911240004
200911240005
200911240006
200911240007
200911240008
200911240010
200911240012
200911240013
200911240014
200911240015
200911240016
200911250001
200911250002
200911250003
200911250004
200911250005
200911250007
200911250008
200911250010
200911260001
200911260003
200911260006
200911260014
200911260015
200911260016
200911260017
200911260018
200911260019
200911260020
200911260021
200911260022
200911260024
200911270001
200911270003
200911270007
200911270008
200911270009
200911280003
200911280004
200911280005
200911280008
200911290001
200911290003
200911290004
200911290005
200911290008
200911290009
200911290015
200911290017
200911300001
200911300002
200911300003
200911300010
200911300012
200911300013
200911300017
200911300018
200911300019
200912010005
200912010006
200912010007
200912010008
200912010015
200912010016
200912010018
200912010020
200912010021
200912010022
200912010023
200912010024
200912010028
200912020004
200912020006
200912020008
200912020009
200912020012
200912030004
200912030007
200912030014
200912030017
200912030019
200912030020
200912030021
200912030023
200912030024
200912040002
200912040008
200912040009
200912040011  200912040012
200912040012  200912040011
200912040015
200912040016
200912040018
200912040019
200912040022
200912040023
200912040025
200912050003
200912050007
200912050008
200912050010
200912060004
200912060005
200912060006
200912060007
200912060009
200912060011
200912060015
200912060016
200912070003
200912070004
200912070005
200912070006
200912070007
200912070008
200912070009
200912070010
200912070012
200912070017
200912070019
200912070020
200912070024
200912070027
200912080001
200912080003
200912080005
200912080006
200912080008  200912080009  200912080010  200912080011  200912080012
200912080009  200912080008  200912080010  200912080011  200912080012
200912080010  200912080008  200912080009  200912080011  200912080012
200912080011  200912080008  200912080009  200912080010  200912080012
200912080012  200912080008  200912080009  200912080010  200912080011
200912080021
200912080023
200912080024
200912080025
200912080026
200912090003
200912090006
200912090008
200912090009
200912090010
200912090011
200912100009
200912100010
200912100012
200912100015
200912100016
200912100018
200912100020
200912100021
200912110001
200912110003
200912110007
200912110010
200912110013
200912110015
200912110017
200912120001
200912120003
200912120004
200912120007
200912130001
200912130003
200912130004
200912130005
200912130006  200912130018
200912130009
200912130011
200912130014
200912130015
200912130017
200912130018  200912130006
200912140002
200912140004
200912140006
200912140007
200912140008
200912140010
200912140012
200912140013
200912140014
200912140015
200912140021
200912150001
200912150002
200912150003
200912150006  200912150007  200912150008  200912150009
200912150007  200912150006  200912150008  200912150009
200912150008  200912150006  200912150007  200912150009
200912150009  200912150006  200912150007  200912150008
200912150010
200912150011
200912150012
200912150013
200912150014
200912150015
200912150017
200912150019
200912150020
200912150021
200912150025
200912150027
200912160001
200912160002
200912160003
200912160004
200912160005
200912160006
200912160009
200912160010
200912160011
200912160012
200912160013
200912160015
200912160016
200912160018
200912160020
200912160021
200912170002
200912170006
200912170007
200912170008
200912170009
200912170010
200912170011
200912170012
200912170013
200912170014
200912170016
200912170017
200912180001
200912180002
200912180003
200912180006
200912180007
200912180008
200912190002
200912190003
200912190005
200912190006
200912190008
200912200001
200912200003
200912200005
200912200007
200912200009
200912200011
200912200012
200912210002
200912210004
200912210005
200912210006
200912210007  200912210008
200912210008  200912210007
200912210011
200912210012
200912210013
200912210014
200912210016
200912210017
200912210018
200912210021
200912210023
200912210025
200912220002
200912220005
200912220007
200912220008
200912220009
200912220010
200912220011
200912220014
200912220022
200912220023
200912220025
200912220026
200912230004
200912230005
200912230008
200912230009
200912230013
200912230014
200912230015
200912230016
200912230018
200912230019
200912230020
200912230021
200912230022
200912230023
200912230024
200912230025
200912230027
200912230028
200912230029
200912230032
200912230033
200912230034
200912230035
200912230036
200912230037
200912240001
200912240003
200912240004
200912240005
200912240006
200912240008
200912240009
200912240010
200912240011
200912240012
200912240013
200912240014
200912240016
200912240017
200912240020
200912240021
200912240022
200912240023
200912240025
200912240027
200912240029
200912250001
200912250005
200912250006
200912250007
200912250008
200912250009
200912250014
200912250015
200912250016
200912250017
200912250018
200912250019
200912250020
200912250021
200912250022
200912250023
200912250024
200912260004
200912260005
200912260006
200912260007
200912260008
200912260010
200912260012
200912260013  200912260014
200912260014  200912260013
200912260015
200912260016
200912260018
200912260019
200912260020  200912260021
200912260021  200912260020
200912270002
200912270003  200912270004
200912270004  200912270003
200912270006
200912270008
200912270009
200912270011
200912270012
200912270013
200912270014
200912270016
200912270017
200912270018
200912280001
200912280005
200912280009
200912280010
200912280013
200912280014
200912280015
200912290003
200912290007
200912290010
200912290012
200912290013
200912290014
200912300001
200912300002
200912300003
200912300005
200912300007
200912300008
200912300009
200912300012
200912300013
200912300014
200912310001
200912310003
200912310006
