200001010001  200001010002
200001010002  200001010001
200001010003
200001010004
200001010005
200001010006  200001010012  200001010013  200001010014  200001010015  200001010016  200001010017  200001010018  200001010019  200001010020  200001010021  200001010022  200001010023  200001010024  200001010025  200001010026
200001010007
200001010008
200001010009
200001010010
200001010011
200001010012  200001010006  200001010013  200001010014  200001010015  200001010016  200001010017  200001010018  200001010019  200001010020  200001010021  200001010022  200001010023  200001010024  200001010025  200001010026
200001010013  200001010006  200001010012  200001010014  200001010015  200001010016  200001010017  200001010018  200001010019  200001010020  200001010021  200001010022  200001010023  200001010024  200001010025  200001010026
200001010014  200001010006  200001010012  200001010013  200001010015  200001010016  200001010017  200001010018  200001010019  200001010020  200001010021  200001010022  200001010023  200001010024  200001010025  200001010026
200001010015  200001010006  200001010012  200001010013  200001010014  200001010016  200001010017  200001010018  200001010019  200001010020  200001010021  200001010022  200001010023  200001010024  200001010025  200001010026
200001010016  200001010006  200001010012  200001010013  200001010014  200001010015  200001010017  200001010018  200001010019  200001010020  200001010021  200001010022  200001010023  200001010024  200001010025  200001010026
200001010017  200001010006  200001010012  200001010013  200001010014  200001010015  200001010016  200001010018  200001010019  200001010020  200001010021  200001010022  200001010023  200001010024  200001010025  200001010026
200001010018  200001010006  200001010012  200001010013  200001010014  200001010015  200001010016  200001010017  200001010019  200001010020  200001010021  200001010022  200001010023  200001010024  200001010025  200001010026
200001010019  200001010006  200001010012  200001010013  200001010014  200001010015  200001010016  200001010017  200001010018  200001010020  200001010021  200001010022  200001010023  200001010024  200001010025  200001010026
200001010020  200001010006  200001010012  200001010013  200001010014  200001010015  200001010016  200001010017  200001010018  200001010019  200001010021  200001010022  200001010023  200001010024  200001010025  200001010026
200001010021  200001010006  200001010012  200001010013  200001010014  200001010015  200001010016  200001010017  200001010018  200001010019  200001010020  200001010022  200001010023  200001010024  200001010025  200001010026
200001010022  200001010006  200001010012  200001010013  200001010014  200001010015  200001010016  200001010017  200001010018  200001010019  200001010020  200001010021  200001010023  200001010024  200001010025  200001010026
200001010023  200001010006  200001010012  200001010013  200001010014  200001010015  200001010016  200001010017  200001010018  200001010019  200001010020  200001010021  200001010022  200001010024  200001010025  200001010026
200001010024  200001010006  200001010012  200001010013  200001010014  200001010015  200001010016  200001010017  200001010018  200001010019  200001010020  200001010021  200001010022  200001010023  200001010025  200001010026
200001010025  200001010006  200001010012  200001010013  200001010014  200001010015  200001010016  200001010017  200001010018  200001010019  200001010020  200001010021  200001010022  200001010023  200001010024  200001010026
200001010026  200001010006  200001010012  200001010013  200001010014  200001010015  200001010016  200001010017  200001010018  200001010019  200001010020  200001010021  200001010022  200001010023  200001010024  200001010025
200001010027
200001010028
200001020001
200001020002
200001020003
200001020004
200001030001
200001030002
200001030003
200001030004
200001030005
200001030006
200001030007
200001030008  200001030009
200001030009  200001030008
200001030010
200001040001
200001040002
200001040003
200001040004
200001040005
200001040006
200001050001
200001050003
200001050004
200001050005
200001060001
200001060002
200001060003
200001070001
200001070002
200001070003
200001070004
200001080001
200001080002
200001080003
200001080004
200001080005
200001080006
200001080007
200001080008
200001090001
200001090002
200001090003
200001090004
200001090005
200001090006
200001100001
200001100004
200001110001
200001110002
200001110003
200001110004
200001120001
200001120002  200001120003  200001120004
200001120003  200001120002  200001120004
200001120004  200001120002  200001120003
200001120005
200001120006
200001120007
200001120008  200001120009  200001120010  200001120011  200001120012  200001120013  200001120014  200001120015
200001120009  200001120008  200001120010  200001120011  200001120012  200001120013  200001120014  200001120015
200001120010  200001120008  200001120009  200001120011  200001120012  200001120013  200001120014  200001120015
200001120011  200001120008  200001120009  200001120010  200001120012  200001120013  200001120014  200001120015
200001120012  200001120008  200001120009  200001120010  200001120011  200001120013  200001120014  200001120015
200001120013  200001120008  200001120009  200001120010  200001120011  200001120012  200001120014  200001120015
200001120014  200001120008  200001120009  200001120010  200001120011  200001120012  200001120013  200001120015
200001120015  200001120008  200001120009  200001120010  200001120011  200001120012  200001120013  200001120014
200001120016
200001130001
200001130002
200001130003
200001130004
200001140001
200001140002
200001140003
200001140004
200001140005
200001150001
200001150002
200001150003
200001150004
200001160001
200001160002
200001160003
200001160004
200001160005
200001170001
200001170002
200001170003
200001170004
200001170005
200001180001
200001180002
200001180003
200001180004
200001190001
200001190002
200001190003
200001200001
200001200002
200001210001
200001210002
200001210003
200001210004
200001230001
200001230002
200001230003
200001240001
200001240002
200001240003
200001240004
200001240005
200001240007
200001240008
200001250001
200001250002
200001250003
200001250004
200001250005
200001260001
200001260002
200001260003
200001260004
200001260005
200001260006
200001260007
200001260008
200001270001
200001270003
200001270004
200001270005
200001270006
200001270007
200001280001
200001280002
200001280004
200001280005
200001280006
200001280007
200001290001
200001290002
200001290003
200001290004
200001290005
200001290006
200001290007
200001290008
200001290009
200001290010
200001300001
200001300002
200001300003
200001300004
200001300005
200001300006
200001310001  200012310012  200012310013
200001310002
200001310003
200002000001
200002000002
200002010001
200002020002
200002020003
200002020004
200002030001
200002030002  200002030003
200002030003  200002030002
200002030004
200002030005
200002040001
200002050001  200002050002
200002050002  200002050001
200002050004
200002060001
200002060002
200002070001
200002070002
200002080001
200002080002
200002090001
200002090002
200002090003
200002100001
200002100002
200002100003
200002100005  200002100006  200002100007
200002100006  200002100005  200002100007
200002100007  200002100005  200002100006
200002110001
200002110002
200002120001
200002130001
200002140001
200002140002
200002150001
200002150002
200002150003
200002160001
200002160002
200002160003
200002170001
200002170002
200002170003
200002170004
200002180001
200002180002
200002180003
200002180004
200002180005
200002180007
200002190001
200002190002
200002200001
200002200002  200002200003  200002200004
200002200003  200002200002  200002200004
200002200004  200002200002  200002200003
200002200005
200002200006
200002200007
200002200008
200002200009
200002200010
200002200011
200002200013
200002210001
200002210002
200002210003
200002210005
200002210006
200002220001
200002220002
200002220003  200002220010  200002220011
200002220004
200002220005
200002220006
200002220007
200002220008
200002220009
200002220010  200002220003  200002220011
200002220011  200002220003  200002220010
200002230001
200002230002
200002230003
200002240001
200002240002  200002240003  200002240004  200002240005  200002240006  200002240007
200002240003  200002240002  200002240004  200002240005  200002240006  200002240007
200002240004  200002240002  200002240003  200002240005  200002240006  200002240007
200002240005  200002240002  200002240003  200002240004  200002240006  200002240007
200002240006  200002240002  200002240003  200002240004  200002240005  200002240007
200002240007  200002240002  200002240003  200002240004  200002240005  200002240006
200002240008
200002250001
200002250002
200002250003
200002250004
200002250005
200002250006
200002250007
200002260001
200002260002
200002260003
200002270001
200002270002
200002270003
200002270004
200002270005
200002270006
200002270007
200002280001
200002290001
200002290002
200003010001
200003010002
200003010003
200003020001
200003020002
200003020003
200003020004
200003030001
200003030002
200003040001
200003040002
200003040003
200003040004
200003040005  200003040006
200003040006  200003040005
200003040007
200003050001
200003050002
200003050003
200003050004
200003060001
200003060002
200003070001
200003070002
200003070003
200003070004
200003080001
200003080002
200003090001
200003100001
200003100002
200003110001
200003110002
200003110003
200003110004
200003120001
200003120002
200003120003
200003120004
200003120005
200003130001
200003130002
200003130003
200003140001
200003140002
200003140003
200003140004
200003150001
200003150002  200003150003
200003150003  200003150002
200003160001
200003160002
200003160003
200003160004
200003160005
200003170001
200003170002
200003180001
200003180002
200003180003
200003200001
200003200002
200003200003
200003210001
200003210002
200003210003
200003220001
200003220002  200003220003
200003220003  200003220002
200003220004
200003220005
200003220006
200003220008
200003230001
200003230002
200003240001
200003250001
200003250002  200003250003  200003250004
200003250003  200003250002  200003250004
200003250004  200003250002  200003250003
200003250005
200003260001
200003260002
200003270001  200003270002
200003270002  200003270001
200003270003
200003270004
200003280001
200003280002
200003290001
200003300001
200003300002
200003300003
200003310001
200003310002
200004000001
200004010001
200004010002
200004010003
200004010004
200004010005
200004010006
200004010007
200004010008
200004010009
200004020001
200004020002
200004030001  200004030002  200004030003
200004030002  200004030001  200004030003
200004030003  200004030001  200004030002
200004030004
200004030005
200004030006
200004030007  200004030008
200004030008  200004030007
200004040001
200004040002
200004040003
200004050001
200004050002
200004060001
200004060002
200004070001  200004070002
200004070002  200004070001
200004070003
200004070004
200004090001  200004090002
200004090002  200004090001
200004090003
200004090004  200004090005  200004090006  200004090007  200004090008  200004100003
200004090005  200004090004  200004090006  200004090007  200004090008  200004100003
200004090006  200004090004  200004090005  200004090007  200004090008  200004100003
200004090007  200004090004  200004090005  200004090006  200004090008  200004100003
200004090008  200004090004  200004090005  200004090006  200004090007  200004100003
200004100002
200004100003  200004090004  200004090005  200004090006  200004090007  200004090008
200004110001  200004110002  200004110003  200004110004  200004110005  200004110006
200004110002  200004110001  200004110003  200004110004  200004110005  200004110006
200004110003  200004110001  200004110002  200004110004  200004110005  200004110006
200004110004  200004110001  200004110002  200004110003  200004110005  200004110006
200004110005  200004110001  200004110002  200004110003  200004110004  200004110006
200004110006  200004110001  200004110002  200004110003  200004110004  200004110005
200004110007
200004120001
200004120002
200004120003
200004120004
200004120005
200004120006
200004120007
200004130001
200004130002
200004130003
200004140001
200004140002
200004140003
200004140004
200004150001
200004150002  200004150003
200004150003  200004150002
200004150004
200004150005
200004150006
200004160001
200004160002
200004170001
200004180001
200004190001
200004190002
200004190003
200004190004
200004200001
200004210001
200004210002
200004210003
200004230001
200004240001
200004240002
200004240003
200004240004  200004240005  200004240006
200004240005  200004240004  200004240006
200004240006  200004240004  200004240005
200004250001
200004250002  200004250004
200004250003
200004250004  200004250002
200004260001
200004260002
200004260003
200004280001  200004280002
200004280002  200004280001
200004290001
200004300001
200005010001
200005010002
200005010003
200005010004
200005020001  200005020002  200005020003
200005020002  200005020001  200005020003
200005020003  200005020001  200005020002
200005020004
200005020005
200005030001  200005030002  200005030003
200005030002  200005030001  200005030003
200005030003  200005030001  200005030002
200005030004
200005030005  200005030006  200005030007
200005030006  200005030005  200005030007
200005030007  200005030005  200005030006
200005030008
200005030009
200005030011
200005040001
200005040002
200005040003
200005050001  200005050002
200005050002  200005050001
200005060001
200005060002
200005070001
200005070002
200005070003
200005070004
200005070005
200005080001
200005080002
200005080003
200005080004
200005090001
200005090002
200005100001
200005110001
200005110002
200005120001
200005120002
200005120003
200005120004
200005130001
200005130002
200005130003
200005140001
200005140002
200005150001
200005150002
200005150003
200005150004
200005150005
200005160001  200005160003
200005160002
200005160003  200005160001
200005170001
200005170002
200005170003
200005170004
200005170006
200005180001
200005180002
200005180004  200005180007
200005180005
200005180007  200005180004
200005190001
200005190002
200005190003
200005200001
200005200002
200005200003
200005200004
200005200005
200005210001
200005210002
200005210003
200005210004
200005210005  200005210006
200005210006  200005210005
200005210007
200005210008
200005210009
200005220001
200005220002
200005230001
200005230002
200005230003
200005240001
200005240002
200005240003
200005240004
200005240005
200005240006
200005250001
200005250002
200005250003
200005250005
200005260001
200005260002
200005270001
200005270002  200005270005
200005270003
200005270004  200005270005
200005270005  200005270002  200005270004
200005270006
200005270007
200005270008
200005270009
200005280001
200005280002
200005280003
200005280004
200005280005
200005280006
200005290001
200005290002
200005290003
200005290004
200005290005
200005290006
200005290007
200005290008
200005300001
200005300002
200005300003
200005300004
200005310001
200005310002
200006000001  200006000002  200006270006
200006000002  200006000001  200006270006
200006010001
200006010002
200006020001
200006020002
200006020003  200006020004
200006020004  200006020003
200006020005
200006020006
200006020007
200006020008
200006020009  200006020010
200006020010  200006020009
200006020011
200006020012
200006020013
200006020014
200006030001
200006030002
200006030003
200006030004
200006030005
200006030006
200006040001
200006040002
200006040003
200006040004
200006040005  200006040006
200006040006  200006040005
200006040007
200006040008
200006040010  200006050005
200006050001
200006050003
200006050004
200006050005  200006040010
200006060001
200006060002
200006060003
200006060004
200006060005
200006060006  200006060007
200006060007  200006060006
200006060008
200006060009  200006060011
200006060010
200006060011  200006060009
200006060012  200006060013  200006060014  200006060015  200006060016
200006060013  200006060012  200006060014  200006060015  200006060016
200006060014  200006060012  200006060013  200006060015  200006060016
200006060015  200006060012  200006060013  200006060014  200006060016
200006060016  200006060012  200006060013  200006060014  200006060015
200006060017
200006070001
200006070002
200006070003
200006070004
200006070005
200006070006
200006070007
200006070008
200006080001
200006080002
200006080003
200006080004
200006080005  200006080006  200006080007  200006080008
200006080006  200006080005  200006080007  200006080008
200006080007  200006080005  200006080006  200006080008
200006080008  200006080005  200006080006  200006080007
200006080009  200006080010  200006080011  200006080012
200006080010  200006080009  200006080011  200006080012
200006080011  200006080009  200006080010  200006080012
200006080012  200006080009  200006080010  200006080011
200006080014  200006080015  200006080016  200006080017
200006080015  200006080014  200006080016  200006080017
200006080016  200006080014  200006080015  200006080017
200006080017  200006080014  200006080015  200006080016
200006090001
200006090002
200006090003
200006090004
200006100001
200006100002
200006100003
200006100004  200006100005  200006100006
200006100005  200006100004  200006100006
200006100006  200006100004  200006100005
200006110001
200006110002
200006110004
200006120001
200006120002
200006120003
200006120004
200006120005
200006130001
200006130002  200006130003
200006130003  200006130002
200006130004
200006130006
200006140001
200006140002
200006140003
200006140004
200006140005
200006150001
200006150002
200006150003
200006160001
200006160002
200006160003
200006160004
200006160005
200006160006
200006170001  200006170002  200006170003
200006170002  200006170001  200006170003
200006170003  200006170001  200006170002
200006170004
200006180001
200006180002
200006180003
200006190001
200006190002
200006190003
200006200001
200006200002
200006200003
200006200004
200006200005
200006210001
200006210002
200006210004
200006220001  200006220002
200006220002  200006220001
200006230001  200006230002  200006230003  200006230004
200006230002  200006230001  200006230003  200006230004
200006230003  200006230001  200006230002  200006230004
200006230004  200006230001  200006230002  200006230003
200006230005
200006240001
200006250001
200006250002
200006250003
200006250004
200006250005
200006250006
200006250007
200006260001
200006260002
200006260003
200006260004
200006260005
200006260006
200006260007
200006270001
200006270002
200006270003
200006270004
200006270006  200006000001  200006000002
200006280001
200006280002
200006280003
200006300001
200006300002
200006300003
200006300004
200007000001  200007190006  200007170005
200007010001  200007010003
200007010002
200007010003  200007010001
200007010004
200007010006
200007020001  200007020002  200007020003  200007020004  200007020005
200007020002  200007020001  200007020003  200007020004  200007020005
200007020003  200007020001  200007020002  200007020004  200007020005
200007020004  200007020001  200007020002  200007020003  200007020005
200007020005  200007020001  200007020002  200007020003  200007020004
200007020006
200007020007
200007020009
200007030001
200007030002
200007030003
200007040001
200007040002
200007040003
200007040004
200007050002
200007050003
200007050004
200007050005
200007060001
200007060002
200007060003
200007060004
200007060005
200007060006  200007100004
200007070001
200007070002
200007080001
200007080002
200007080003
200007080004
200007080005
200007080006
200007080007
200007080008
200007080009
200007080010
200007080011
200007080012
200007090001
200007090002
200007090003
200007090004
200007090005
200007090006
200007090008
200007100001
200007100002
200007100003
200007100004  200007060006
200007110001
200007110002
200007110003
200007120001
200007120002
200007120003
200007120004
200007120005
200007120006
200007120007
200007130001
200007130002
200007130003
200007130005
200007150001
200007150002
200007150003
200007150004
200007150005
200007150006
200007150007
200007150008
200007160001
200007160002
200007160003
200007160005
200007160006  200007160009
200007160007
200007160008
200007160009  200007160006
200007160010
200007160011
200007160012
200007160013
200007170001
200007170002
200007170003
200007170004
200007170005  200007000001  200007190006
200007180001
200007180002
200007180003
200007180005
200007180006
200007180007
200007190001
200007190002
200007190003
200007190004
200007190006  200007000001  200007170005
200007190008
200007200001
200007200002
200007200003
200007200004
200007200005
200007200006
200007200007
200007210001
200007220001
200007220002
200007220003
200007220004
200007230001
200007230002
200007230003
200007240001
200007240003
200007240004
200007240005
200007240006
200007250001
200007250002
200007260001
200007260002
200007260003
200007260004
200007260006
200007260007
200007260009
200007270001
200007270002
200007270003  200007270005
200007270005  200007270003
200007280002
200007290001
200007290002
200007290003
200007290005
200007290006
200007290008
200007300001  200007300003
200007300002
200007300003  200007300001
200007300004
200007300005
200007300006
200007310001
200007310002
200007310003
200007310004
200008000001  200008130004  200008130006  200008130007  200008130008
200008000002
200008010001
200008010002
200008010003
200008020001
200008020002
200008020003  200008020006
200008020004
200008020006  200008020003
200008030001  200008030002
200008030002  200008030001
200008030004
200008030005
200008040001
200008050001
200008060001
200008070001
200008070002  200008070003
200008070003  200008070002
200008070005
200008070006
200008080002
200008080003
200008090001
200008090002
200008090003
200008090006
200008090007
200008100001
200008100002
200008110001
200008110002
200008110003
200008120001  200008120002
200008120002  200008120001
200008120003
200008120004
200008130001
200008130002
200008130003
200008130004  200008000001  200008130006  200008130007  200008130008
200008130005
200008130006  200008000001  200008130004  200008130007  200008130008
200008130007  200008000001  200008130004  200008130006  200008130008
200008130008  200008000001  200008130004  200008130006  200008130007
200008130009
200008130010
200008140001
200008140002
200008140003
200008140004
200008140005
200008140006
200008140007
200008150001
200008150002
200008150003
200008150004  200008150006
200008150006  200008150004
200008160001
200008160002
200008160004
200008160005
200008160006
200008170001
200008170002
200008170003
200008170004
200008170005
200008180001
200008180002
200008180003
200008190001
200008190002
200008190003
200008200001
200008200002  200008200003  200008200004
200008200003  200008200002  200008200004
200008200004  200008200002  200008200003
200008200005
200008200006
200008200007
200008200008
200008210001
200008210002
200008210003
200008210004
200008210006
200008220001
200008220002
200008230001
200008240001  200008240003  200008240004  200008240005
200008240003  200008240001  200008240004  200008240005
200008240004  200008240001  200008240003  200008240005
200008240005  200008240001  200008240003  200008240004
200008250001
200008250002
200008250003
200008250004
200008250005
200008260001
200008260002
200008260003
200008260004
200008270001
200008270002
200008270003
200008270004
200008280001
200008280002
200008280004
200008280005  200008300002  200008310001
200008290001
200008290002
200008290003
200008290004
200008290005
200008300001
200008300002  200008280005  200008310001
200008310001  200008280005  200008300002
200009010001
200009010002
200009010003
200009010004
200009010005
200009010006
200009010007
200009010008
200009020001
200009020002
200009020003
200009030001
200009030002
200009030003
200009030004
200009030005
200009030006
200009030007
200009030008
200009030009
200009030010
200009030011
200009040001
200009040002  200009040003  200009040004  200009040005  200009040006  200009040007  200009040008  200009040009  200009040010  200009040011  200009040012  200009040013  200009040014
200009040003  200009040002  200009040004  200009040005  200009040006  200009040007  200009040008  200009040009  200009040010  200009040011  200009040012  200009040013  200009040014
200009040004  200009040002  200009040003  200009040005  200009040006  200009040007  200009040008  200009040009  200009040010  200009040011  200009040012  200009040013  200009040014
200009040005  200009040002  200009040003  200009040004  200009040006  200009040007  200009040008  200009040009  200009040010  200009040011  200009040012  200009040013  200009040014
200009040006  200009040002  200009040003  200009040004  200009040005  200009040007  200009040008  200009040009  200009040010  200009040011  200009040012  200009040013  200009040014
200009040007  200009040002  200009040003  200009040004  200009040005  200009040006  200009040008  200009040009  200009040010  200009040011  200009040012  200009040013  200009040014
200009040008  200009040002  200009040003  200009040004  200009040005  200009040006  200009040007  200009040009  200009040010  200009040011  200009040012  200009040013  200009040014
200009040009  200009040002  200009040003  200009040004  200009040005  200009040006  200009040007  200009040008  200009040010  200009040011  200009040012  200009040013  200009040014
200009040010  200009040002  200009040003  200009040004  200009040005  200009040006  200009040007  200009040008  200009040009  200009040011  200009040012  200009040013  200009040014
200009040011  200009040002  200009040003  200009040004  200009040005  200009040006  200009040007  200009040008  200009040009  200009040010  200009040012  200009040013  200009040014
200009040012  200009040002  200009040003  200009040004  200009040005  200009040006  200009040007  200009040008  200009040009  200009040010  200009040011  200009040013  200009040014
200009040013  200009040002  200009040003  200009040004  200009040005  200009040006  200009040007  200009040008  200009040009  200009040010  200009040011  200009040012  200009040014
200009040014  200009040002  200009040003  200009040004  200009040005  200009040006  200009040007  200009040008  200009040009  200009040010  200009040011  200009040012  200009040013
200009040015
200009040016
200009040017
200009040018
200009050001
200009050002
200009050003
200009060001
200009060002
200009060003
200009060004  200009060005
200009060005  200009060004
200009060006
200009060007
200009060008
200009060009
200009060011
200009070001  200009070002
200009070002  200009070001
200009070003
200009070004  200009080004
200009070005
200009070006  200009110002
200009080001
200009080002
200009080003
200009080004  200009070004
200009080005
200009080006
200009080007
200009090001
200009090002
200009090003
200009090004
200009090005
200009090006
200009100002
200009100003
200009100004
200009100005
200009100006
200009110001
200009110002  200009070006
200009110003
200009110004
200009110005  200009110006
200009110006  200009110005
200009110008
200009110010
200009120001
200009120002
200009120003  200009120004
200009120004  200009120003
200009120005
200009120006
200009120007
200009120008
200009120009  200009120010
200009120010  200009120009
200009120011
200009120012
200009130001
200009130002
200009130003
200009130004
200009130005
200009130006
200009130007
200009130008
200009130009
200009140001
200009140002
200009140003
200009140004
200009140005  200009140006  200009140007  200009140008
200009140006  200009140005  200009140007  200009140008
200009140007  200009140005  200009140006  200009140008
200009140008  200009140005  200009140006  200009140007
200009150001
200009150002
200009150003
200009150004
200009160001
200009160002
200009160003
200009160004
200009160005
200009170001
200009170002
200009170003
200009170004
200009170005
200009170006
200009170008
200009170010
200009180001  200009180002
200009180002  200009180001
200009180003
200009180004
200009180005
200009180006
200009180007
200009180008
200009180012
200009190001
200009190002
200009190003
200009190004
200009190005
200009190006
200009190007
200009200001  200009200002
200009200002  200009200001
200009200003
200009200005
200009200006
200009200007
200009200008  200009200010  200009200011
200009200009
200009200010  200009200008  200009200011
200009200011  200009200008  200009200010
200009210001
200009210002
200009210003
200009210004
200009210005
200009210007
200009220001
200009220002
200009220003
200009230001
200009230002
200009230003
200009230004
200009230006
200009240001
200009240002
200009240003
200009240004
200009240005
200009240006
200009240008
200009250001
200009250002
200009250003
200009250004
200009250005
200009250006
200009250007
200009250008
200009250009
200009250010
200009250011
200009260001
200009260002
200009260003
200009260004  200009260005
200009260005  200009260004
200009260007
200009270001  200009270002  200009270003
200009270002  200009270001  200009270003
200009270003  200009270001  200009270002
200009270004
200009270005
200009270006
200009270007
200009270008
200009270009
200009270010
200009270011
200009270012
200009270013
200009270015
200009270016
200009280001
200009280002
200009280003
200009290001
200009290002
200009290003
200009290004  200009290005
200009290005  200009290004
200009290006
200009290007
200009290008
200009290009
200009300001
200009300002
200009300003
200009300004
200009300005
200010000001
200010000002  200010000003  200010000004  200010000006  200010000007  200010000008
200010000003  200010000002  200010000004  200010000006  200010000007  200010000008
200010000004  200010000002  200010000003  200010000006  200010000007  200010000008
200010000005
200010000006  200010000002  200010000003  200010000004  200010000007  200010000008
200010000007  200010000002  200010000003  200010000004  200010000006  200010000008
200010000008  200010000002  200010000003  200010000004  200010000006  200010000007
200010010001  200010010002
200010010002  200010010001
200010010003
200010010004
200010010005
200010020001
200010020002
200010020003
200010030003
200010040001
200010040002
200010050001
200010050003
200010050004
200010060001
200010060002  200010060003
200010060003  200010060002
200010060004
200010070001  200010070002  200010070003  200010070004
200010070002  200010070001  200010070003  200010070004
200010070003  200010070001  200010070002  200010070004
200010070004  200010070001  200010070002  200010070003
200010080001
200010080003
200010090001
200010090003
200010090004
200010100001
200010100003
200010100004
200010100005
200010100006
200010110001
200010110002
200010110003
200010110004
200010120001
200010120002
200010120003
200010120005
200010130001
200010130002
200010130003
200010130004
200010140001
200010140002
200010140003
200010140004
200010140005
200010140006
200010140007
200010140008
200010150002
200010150003
200010160001  200010160002
200010160002  200010160001
200010160003
200010160004
200010160005
200010160006
200010160007
200010170001
200010170002
200010170003
200010170004
200010170005
200010170006
200010170007
200010170008
200010170009
200010170010
200010170011
200010170012
200010180001
200010180002
200010180003
200010180004
200010180005
200010180006
200010180007
200010180008
200010180009
200010180010
200010180011
200010180012
200010180013
200010180014
200010190001
200010190002
200010190003
200010190004
200010190005
200010190006
200010190007  200010190008  200010190009  200010190016
200010190008  200010190007  200010190009  200010190016
200010190009  200010190007  200010190008  200010190016
200010190010
200010190011
200010190012
200010190013
200010190014
200010190015
200010190016  200010190007  200010190008  200010190009
200010200001  200010200002  200010200003
200010200002  200010200001  200010200003
200010200003  200010200001  200010200002
200010200004
200010200005
200010200006
200010200007
200010200008
200010200009
200010200010
200010210001
200010210002
200010210003
200010210004
200010210005  200010210006
200010210006  200010210005
200010210007
200010210008
200010220001
200010220002
200010220003
200010220004
200010220005  200010220006
200010220006  200010220005
200010220007
200010220008
200010230001
200010230002
200010230003
200010230004
200010230005  200010230006
200010230006  200010230005
200010230007
200010230008
200010230009
200010230010
200010230011
200010240001
200010240002
200010240003
200010240004
200010240005  200010240008  200010240009
200010240006
200010240007
200010240008  200010240005  200010240009
200010240009  200010240005  200010240008
200010250001
200010250003
200010260001
200010260002
200010260003
200010270001
200010270002
200010280001
200010290001
200010290002
200010290003
200010300001
200010300002
200010300003
200010300004
200011000001
200011010001
200011010002
200011010003
200011010004
200011010005
200011010006  200011010007
200011010007  200011010006
200011020001
200011020002
200011020003
200011020004
200011020005
200011020006
200011020007
200011020008
200011030001
200011030002
200011030003
200011040001
200011040003
200011050002
200011050003
200011050004
200011050007
200011050008
200011050009
200011060001
200011060002
200011060003
200011060004
200011070004
200011070005
200011080001
200011080002
200011080003
200011080004
200011080005
200011090001
200011090002
200011090003
200011100001
200011100002
200011100003
200011100005
200011100006
200011110001
200011110003
200011110004
200011110005
200011110006
200011120002  200011120003  200011120004
200011120003  200011120002  200011120004
200011120004  200011120002  200011120003
200011120005
200011120006  200011120007
200011120007  200011120006
200011120008
200011120009
200011130001
200011130002
200011130003  200011130005  200011130006
200011130005  200011130003  200011130006
200011130006  200011130003  200011130005
200011130007  200011130008
200011130008  200011130007
200011140001
200011140003  200011140004
200011140004  200011140003
200011140005
200011140006
200011140007
200011140009
200011140010
200011150001
200011150002
200011150003
200011150004
200011160001
200011160002
200011160003
200011160004
200011160005
200011160006
200011170001
200011170002
200011170003
200011170004
200011170005
200011170006
200011180001
200011180002
200011180003
200011180004
200011180005  200011180006
200011180006  200011180005
200011190001
200011190002
200011190003
200011190004
200011190005
200011190006
200011190007
200011190008
200011200001
200011200002
200011200003
200011200004
200011200007
200011210001
200011210002
200011210005
200011210007
200011210008
200011220001
200011220003
200011220004
200011220005
200011220006
200011220007
200011220008
200011220010
200011220011
200011220012
200011220014  200011220015  200011220016  200011220017
200011220015  200011220014  200011220016  200011220017
200011220016  200011220014  200011220015  200011220017
200011220017  200011220014  200011220015  200011220016
200011230001
200011230002
200011230003
200011230004
200011230005
200011240001  200011240002
200011240002  200011240001
200011240003
200011240004
200011240005
200011240006
200011240007
200011240009
200011240010  200011240011  200011240012  200011240013
200011240011  200011240010  200011240012  200011240013
200011240012  200011240010  200011240011  200011240013
200011240013  200011240010  200011240011  200011240012
200011250001  200011250002
200011250002  200011250001
200011250003
200011250004
200011250005
200011250006
200011250008
200011250009
200011250010
200011260001
200011260002
200011260003
200011260004
200011260005
200011260007
200011270001
200011270002  200011270003  200011270004
200011270003  200011270002  200011270004
200011270004  200011270002  200011270003
200011270005
200011270006
200011270009
200011280001
200011280002
200011280004
200011280005
200011280006
200011280007
200011280008
200011290001
200011290002
200011290003
200011290005
200011300001
200011300002
200011300003
200011300004
200012000001
200012000002
200012010001  200012010002  200012010003  200012010004
200012010002  200012010001  200012010003  200012010004
200012010003  200012010001  200012010002  200012010004
200012010004  200012010001  200012010002  200012010003
200012010005
200012020002
200012020003
200012030001
200012030002
200012030003
200012040001
200012040002
200012040005  200012050002
200012050001
200012050002  200012040005
200012050003
200012050004
200012050005
200012050006
200012060001
200012060002
200012060003
200012060004
200012060005
200012060006
200012060007
200012070001
200012070002
200012070003
200012080001
200012080002
200012080003
200012080004  200012080005
200012080005  200012080004
200012080006
200012090001
200012090003
200012090004
200012100001
200012100002
200012100003
200012100004
200012110001
200012110002
200012110003
200012110004
200012110005
200012110006
200012110007
200012120001
200012120002
200012120003
200012130001
200012130002
200012130003
200012140001
200012140002  200012140003
200012140003  200012140002
200012150001
200012150002
200012150003
200012160001
200012160002
200012160003
200012170001
200012170002
200012170003
200012170004
200012180001
200012180002
200012180003
200012180004
200012180005
200012180006
200012180007
200012180009
200012180010
200012190001
200012190002
200012190003
200012190004
200012190005
200012190006
200012190007
200012190008
200012200002
200012200003
200012200004
200012220001
200012220002
200012220003
200012230001
200012230002
200012240001  200012240002  200012240003  200012240004  200012240005  200012240006  200012240007  200012240008  200012240009  200012240010  200012240011  200012240012  200012240013  200012240014  200012240015  200012240016  200012240017  200012240018  200012240019  200012240020  200012240021  200012240022  200012240023  200012240024  200012240025  200012240026  200012240027  200012240028  200012240029  200012240030  200012240031  200012240032  200012240033  200012240034  200012240035  200012240036  200012240037  200012240038  200012240039
200012240002  200012240001  200012240003  200012240004  200012240005  200012240006  200012240007  200012240008  200012240009  200012240010  200012240011  200012240012  200012240013  200012240014  200012240015  200012240016  200012240017  200012240018  200012240019  200012240020  200012240021  200012240022  200012240023  200012240024  200012240025  200012240026  200012240027  200012240028  200012240029  200012240030  200012240031  200012240032  200012240033  200012240034  200012240035  200012240036  200012240037  200012240038  200012240039
200012240003  200012240001  200012240002  200012240004  200012240005  200012240006  200012240007  200012240008  200012240009  200012240010  200012240011  200012240012  200012240013  200012240014  200012240015  200012240016  200012240017  200012240018  200012240019  200012240020  200012240021  200012240022  200012240023  200012240024  200012240025  200012240026  200012240027  200012240028  200012240029  200012240030  200012240031  200012240032  200012240033  200012240034  200012240035  200012240036  200012240037  200012240038  200012240039
200012240004  200012240001  200012240002  200012240003  200012240005  200012240006  200012240007  200012240008  200012240009  200012240010  200012240011  200012240012  200012240013  200012240014  200012240015  200012240016  200012240017  200012240018  200012240019  200012240020  200012240021  200012240022  200012240023  200012240024  200012240025  200012240026  200012240027  200012240028  200012240029  200012240030  200012240031  200012240032  200012240033  200012240034  200012240035  200012240036  200012240037  200012240038  200012240039
200012240005  200012240001  200012240002  200012240003  200012240004  200012240006  200012240007  200012240008  200012240009  200012240010  200012240011  200012240012  200012240013  200012240014  200012240015  200012240016  200012240017  200012240018  200012240019  200012240020  200012240021  200012240022  200012240023  200012240024  200012240025  200012240026  200012240027  200012240028  200012240029  200012240030  200012240031  200012240032  200012240033  200012240034  200012240035  200012240036  200012240037  200012240038  200012240039
200012240006  200012240001  200012240002  200012240003  200012240004  200012240005  200012240007  200012240008  200012240009  200012240010  200012240011  200012240012  200012240013  200012240014  200012240015  200012240016  200012240017  200012240018  200012240019  200012240020  200012240021  200012240022  200012240023  200012240024  200012240025  200012240026  200012240027  200012240028  200012240029  200012240030  200012240031  200012240032  200012240033  200012240034  200012240035  200012240036  200012240037  200012240038  200012240039
200012240007  200012240001  200012240002  200012240003  200012240004  200012240005  200012240006  200012240008  200012240009  200012240010  200012240011  200012240012  200012240013  200012240014  200012240015  200012240016  200012240017  200012240018  200012240019  200012240020  200012240021  200012240022  200012240023  200012240024  200012240025  200012240026  200012240027  200012240028  200012240029  200012240030  200012240031  200012240032  200012240033  200012240034  200012240035  200012240036  200012240037  200012240038  200012240039
200012240008  200012240001  200012240002  200012240003  200012240004  200012240005  200012240006  200012240007  200012240009  200012240010  200012240011  200012240012  200012240013  200012240014  200012240015  200012240016  200012240017  200012240018  200012240019  200012240020  200012240021  200012240022  200012240023  200012240024  200012240025  200012240026  200012240027  200012240028  200012240029  200012240030  200012240031  200012240032  200012240033  200012240034  200012240035  200012240036  200012240037  200012240038  200012240039
200012240009  200012240001  200012240002  200012240003  200012240004  200012240005  200012240006  200012240007  200012240008  200012240010  200012240011  200012240012  200012240013  200012240014  200012240015  200012240016  200012240017  200012240018  200012240019  200012240020  200012240021  200012240022  200012240023  200012240024  200012240025  200012240026  200012240027  200012240028  200012240029  200012240030  200012240031  200012240032  200012240033  200012240034  200012240035  200012240036  200012240037  200012240038  200012240039
200012240010  200012240001  200012240002  200012240003  200012240004  200012240005  200012240006  200012240007  200012240008  200012240009  200012240011  200012240012  200012240013  200012240014  200012240015  200012240016  200012240017  200012240018  200012240019  200012240020  200012240021  200012240022  200012240023  200012240024  200012240025  200012240026  200012240027  200012240028  200012240029  200012240030  200012240031  200012240032  200012240033  200012240034  200012240035  200012240036  200012240037  200012240038  200012240039
200012240011  200012240001  200012240002  200012240003  200012240004  200012240005  200012240006  200012240007  200012240008  200012240009  200012240010  200012240012  200012240013  200012240014  200012240015  200012240016  200012240017  200012240018  200012240019  200012240020  200012240021  200012240022  200012240023  200012240024  200012240025  200012240026  200012240027  200012240028  200012240029  200012240030  200012240031  200012240032  200012240033  200012240034  200012240035  200012240036  200012240037  200012240038  200012240039
200012240012  200012240001  200012240002  200012240003  200012240004  200012240005  200012240006  200012240007  200012240008  200012240009  200012240010  200012240011  200012240013  200012240014  200012240015  200012240016  200012240017  200012240018  200012240019  200012240020  200012240021  200012240022  200012240023  200012240024  200012240025  200012240026  200012240027  200012240028  200012240029  200012240030  200012240031  200012240032  200012240033  200012240034  200012240035  200012240036  200012240037  200012240038  200012240039
200012240013  200012240001  200012240002  200012240003  200012240004  200012240005  200012240006  200012240007  200012240008  200012240009  200012240010  200012240011  200012240012  200012240014  200012240015  200012240016  200012240017  200012240018  200012240019  200012240020  200012240021  200012240022  200012240023  200012240024  200012240025  200012240026  200012240027  200012240028  200012240029  200012240030  200012240031  200012240032  200012240033  200012240034  200012240035  200012240036  200012240037  200012240038  200012240039
200012240014  200012240001  200012240002  200012240003  200012240004  200012240005  200012240006  200012240007  200012240008  200012240009  200012240010  200012240011  200012240012  200012240013  200012240015  200012240016  200012240017  200012240018  200012240019  200012240020  200012240021  200012240022  200012240023  200012240024  200012240025  200012240026  200012240027  200012240028  200012240029  200012240030  200012240031  200012240032  200012240033  200012240034  200012240035  200012240036  200012240037  200012240038  200012240039
200012240015  200012240001  200012240002  200012240003  200012240004  200012240005  200012240006  200012240007  200012240008  200012240009  200012240010  200012240011  200012240012  200012240013  200012240014  200012240016  200012240017  200012240018  200012240019  200012240020  200012240021  200012240022  200012240023  200012240024  200012240025  200012240026  200012240027  200012240028  200012240029  200012240030  200012240031  200012240032  200012240033  200012240034  200012240035  200012240036  200012240037  200012240038  200012240039
200012240016  200012240001  200012240002  200012240003  200012240004  200012240005  200012240006  200012240007  200012240008  200012240009  200012240010  200012240011  200012240012  200012240013  200012240014  200012240015  200012240017  200012240018  200012240019  200012240020  200012240021  200012240022  200012240023  200012240024  200012240025  200012240026  200012240027  200012240028  200012240029  200012240030  200012240031  200012240032  200012240033  200012240034  200012240035  200012240036  200012240037  200012240038  200012240039
200012240017  200012240001  200012240002  200012240003  200012240004  200012240005  200012240006  200012240007  200012240008  200012240009  200012240010  200012240011  200012240012  200012240013  200012240014  200012240015  200012240016  200012240018  200012240019  200012240020  200012240021  200012240022  200012240023  200012240024  200012240025  200012240026  200012240027  200012240028  200012240029  200012240030  200012240031  200012240032  200012240033  200012240034  200012240035  200012240036  200012240037  200012240038  200012240039
200012240018  200012240001  200012240002  200012240003  200012240004  200012240005  200012240006  200012240007  200012240008  200012240009  200012240010  200012240011  200012240012  200012240013  200012240014  200012240015  200012240016  200012240017  200012240019  200012240020  200012240021  200012240022  200012240023  200012240024  200012240025  200012240026  200012240027  200012240028  200012240029  200012240030  200012240031  200012240032  200012240033  200012240034  200012240035  200012240036  200012240037  200012240038  200012240039
200012240019  200012240001  200012240002  200012240003  200012240004  200012240005  200012240006  200012240007  200012240008  200012240009  200012240010  200012240011  200012240012  200012240013  200012240014  200012240015  200012240016  200012240017  200012240018  200012240020  200012240021  200012240022  200012240023  200012240024  200012240025  200012240026  200012240027  200012240028  200012240029  200012240030  200012240031  200012240032  200012240033  200012240034  200012240035  200012240036  200012240037  200012240038  200012240039
200012240020  200012240001  200012240002  200012240003  200012240004  200012240005  200012240006  200012240007  200012240008  200012240009  200012240010  200012240011  200012240012  200012240013  200012240014  200012240015  200012240016  200012240017  200012240018  200012240019  200012240021  200012240022  200012240023  200012240024  200012240025  200012240026  200012240027  200012240028  200012240029  200012240030  200012240031  200012240032  200012240033  200012240034  200012240035  200012240036  200012240037  200012240038  200012240039
200012240021  200012240001  200012240002  200012240003  200012240004  200012240005  200012240006  200012240007  200012240008  200012240009  200012240010  200012240011  200012240012  200012240013  200012240014  200012240015  200012240016  200012240017  200012240018  200012240019  200012240020  200012240022  200012240023  200012240024  200012240025  200012240026  200012240027  200012240028  200012240029  200012240030  200012240031  200012240032  200012240033  200012240034  200012240035  200012240036  200012240037  200012240038  200012240039
200012240022  200012240001  200012240002  200012240003  200012240004  200012240005  200012240006  200012240007  200012240008  200012240009  200012240010  200012240011  200012240012  200012240013  200012240014  200012240015  200012240016  200012240017  200012240018  200012240019  200012240020  200012240021  200012240023  200012240024  200012240025  200012240026  200012240027  200012240028  200012240029  200012240030  200012240031  200012240032  200012240033  200012240034  200012240035  200012240036  200012240037  200012240038  200012240039
200012240023  200012240001  200012240002  200012240003  200012240004  200012240005  200012240006  200012240007  200012240008  200012240009  200012240010  200012240011  200012240012  200012240013  200012240014  200012240015  200012240016  200012240017  200012240018  200012240019  200012240020  200012240021  200012240022  200012240024  200012240025  200012240026  200012240027  200012240028  200012240029  200012240030  200012240031  200012240032  200012240033  200012240034  200012240035  200012240036  200012240037  200012240038  200012240039
200012240024  200012240001  200012240002  200012240003  200012240004  200012240005  200012240006  200012240007  200012240008  200012240009  200012240010  200012240011  200012240012  200012240013  200012240014  200012240015  200012240016  200012240017  200012240018  200012240019  200012240020  200012240021  200012240022  200012240023  200012240025  200012240026  200012240027  200012240028  200012240029  200012240030  200012240031  200012240032  200012240033  200012240034  200012240035  200012240036  200012240037  200012240038  200012240039
200012240025  200012240001  200012240002  200012240003  200012240004  200012240005  200012240006  200012240007  200012240008  200012240009  200012240010  200012240011  200012240012  200012240013  200012240014  200012240015  200012240016  200012240017  200012240018  200012240019  200012240020  200012240021  200012240022  200012240023  200012240024  200012240026  200012240027  200012240028  200012240029  200012240030  200012240031  200012240032  200012240033  200012240034  200012240035  200012240036  200012240037  200012240038  200012240039
200012240026  200012240001  200012240002  200012240003  200012240004  200012240005  200012240006  200012240007  200012240008  200012240009  200012240010  200012240011  200012240012  200012240013  200012240014  200012240015  200012240016  200012240017  200012240018  200012240019  200012240020  200012240021  200012240022  200012240023  200012240024  200012240025  200012240027  200012240028  200012240029  200012240030  200012240031  200012240032  200012240033  200012240034  200012240035  200012240036  200012240037  200012240038  200012240039
200012240027  200012240001  200012240002  200012240003  200012240004  200012240005  200012240006  200012240007  200012240008  200012240009  200012240010  200012240011  200012240012  200012240013  200012240014  200012240015  200012240016  200012240017  200012240018  200012240019  200012240020  200012240021  200012240022  200012240023  200012240024  200012240025  200012240026  200012240028  200012240029  200012240030  200012240031  200012240032  200012240033  200012240034  200012240035  200012240036  200012240037  200012240038  200012240039
200012240028  200012240001  200012240002  200012240003  200012240004  200012240005  200012240006  200012240007  200012240008  200012240009  200012240010  200012240011  200012240012  200012240013  200012240014  200012240015  200012240016  200012240017  200012240018  200012240019  200012240020  200012240021  200012240022  200012240023  200012240024  200012240025  200012240026  200012240027  200012240029  200012240030  200012240031  200012240032  200012240033  200012240034  200012240035  200012240036  200012240037  200012240038  200012240039
200012240029  200012240001  200012240002  200012240003  200012240004  200012240005  200012240006  200012240007  200012240008  200012240009  200012240010  200012240011  200012240012  200012240013  200012240014  200012240015  200012240016  200012240017  200012240018  200012240019  200012240020  200012240021  200012240022  200012240023  200012240024  200012240025  200012240026  200012240027  200012240028  200012240030  200012240031  200012240032  200012240033  200012240034  200012240035  200012240036  200012240037  200012240038  200012240039
200012240030  200012240001  200012240002  200012240003  200012240004  200012240005  200012240006  200012240007  200012240008  200012240009  200012240010  200012240011  200012240012  200012240013  200012240014  200012240015  200012240016  200012240017  200012240018  200012240019  200012240020  200012240021  200012240022  200012240023  200012240024  200012240025  200012240026  200012240027  200012240028  200012240029  200012240031  200012240032  200012240033  200012240034  200012240035  200012240036  200012240037  200012240038  200012240039
200012240031  200012240001  200012240002  200012240003  200012240004  200012240005  200012240006  200012240007  200012240008  200012240009  200012240010  200012240011  200012240012  200012240013  200012240014  200012240015  200012240016  200012240017  200012240018  200012240019  200012240020  200012240021  200012240022  200012240023  200012240024  200012240025  200012240026  200012240027  200012240028  200012240029  200012240030  200012240032  200012240033  200012240034  200012240035  200012240036  200012240037  200012240038  200012240039
200012240032  200012240001  200012240002  200012240003  200012240004  200012240005  200012240006  200012240007  200012240008  200012240009  200012240010  200012240011  200012240012  200012240013  200012240014  200012240015  200012240016  200012240017  200012240018  200012240019  200012240020  200012240021  200012240022  200012240023  200012240024  200012240025  200012240026  200012240027  200012240028  200012240029  200012240030  200012240031  200012240033  200012240034  200012240035  200012240036  200012240037  200012240038  200012240039
200012240033  200012240001  200012240002  200012240003  200012240004  200012240005  200012240006  200012240007  200012240008  200012240009  200012240010  200012240011  200012240012  200012240013  200012240014  200012240015  200012240016  200012240017  200012240018  200012240019  200012240020  200012240021  200012240022  200012240023  200012240024  200012240025  200012240026  200012240027  200012240028  200012240029  200012240030  200012240031  200012240032  \200012240034  200012240035  200012240036  200012240037  200012240038  200012240039
200012240034  200012240001  200012240002  200012240003  200012240004  200012240005  200012240006  200012240007  200012240008  200012240009  200012240010  200012240011  200012240012  200012240013  200012240014  200012240015  200012240016  200012240017  200012240018  200012240019  200012240020  200012240021  200012240022  200012240023  200012240024  200012240025  200012240026  200012240027  200012240028  200012240029  200012240030  200012240031  200012240032  200012240033  200012240035  200012240036  200012240037  200012240038  200012240039
200012240035  200012240001  200012240002  200012240003  200012240004  200012240005  200012240006  200012240007  200012240008  200012240009  200012240010  200012240011  200012240012  200012240013  200012240014  200012240015  200012240016  200012240017  200012240018  200012240019  200012240020  200012240021  200012240022  200012240023  200012240024  200012240025  200012240026  200012240027  200012240028  200012240029  200012240030  200012240031  200012240032  200012240033  200012240034  200012240036  200012240037  200012240038  200012240039
200012240036  200012240001  200012240002  200012240003  200012240004  200012240005  200012240006  200012240007  200012240008  200012240009  200012240010  200012240011  200012240012  200012240013  200012240014  200012240015  200012240016  200012240017  200012240018  200012240019  200012240020  200012240021  200012240022  200012240023  200012240024  200012240025  200012240026  200012240027  200012240028  200012240029  200012240030  200012240031  200012240032  200012240033  200012240034  200012240035  200012240037  200012240038  200012240039
200012240037  200012240001  200012240002  200012240003  200012240004  200012240005  200012240006  200012240007  200012240008  200012240009  200012240010  200012240011  200012240012  200012240013  200012240014  200012240015  200012240016  200012240017  200012240018  200012240019  200012240020  200012240021  200012240022  200012240023  200012240024  200012240025  200012240026  200012240027  200012240028  200012240029  200012240030  200012240031  200012240032  200012240033  200012240034  200012240035  200012240036  200012240038  200012240039
200012240038  200012240001  200012240002  200012240003  200012240004  200012240005  200012240006  200012240007  200012240008  200012240009  200012240010  200012240011  200012240012  200012240013  200012240014  200012240015  200012240016  200012240017  200012240018  200012240019  200012240020  200012240021  200012240022  200012240023  200012240024  200012240025  200012240026  200012240027  200012240028  200012240029  200012240030  200012240031  200012240032  200012240033  200012240034  200012240035  200012240036  200012240037  200012240039
200012240039  200012240001  200012240002  200012240003  200012240004  200012240005  200012240006  200012240007  200012240008  200012240009  200012240010  200012240011  200012240012  200012240013  200012240014  200012240015  200012240016  200012240017  200012240018  200012240019  200012240020  200012240021  200012240022  200012240023  200012240024  200012240025  200012240026  200012240027  200012240028  200012240029  200012240030  200012240031  200012240032  200012240033  200012240034  200012240035  200012240036  200012240037  200012240038
200012250001
200012250002  200012250003  200012250004  200012250005
200012250003  200012250002  200012250004  200012250005
200012250004  200012250002  200012250003  200012250005
200012250005  200012250002  200012250003  200012250004
200012250006
200012250008
200012250009
200012280001
200012280002
200012280003
200012280004
200012290001
200012290003
200012290004
200012300001  200012300002  200012300003  200012300004  200012300005
200012300002  200012300001  200012300003  200012300004  200012300005
200012300003  200012300001  200012300002  200012300004  200012300005
200012300004  200012300001  200012300002  200012300003  200012300005
200012300005  200012300001  200012300002  200012300003  200012300004
200012300006
200012300007
200012310001
200012310002
200012310003
200012310004
200012310006
200012310007
200012310008
200012310009
200012310011
200012310012  200012310013
200012310013  200012310012
