200101000001
200101010001
200101010002
200101010004
200101010005
200101020002
200101020003
200101020004
200101030001
200101030002
200101030003
200101030006
200101040001
200101050002
200101050003
200101050004
200101050005
200101050006
200101050007
200101050008
200101050009
200101060001
200101060002
200101060003
200101060004
200101060005
200101070001
200101070002
200101070003
200101070004  200101070009
200101070005
200101070006
200101070007
200101070008
200101070009  200101070004
200101080001
200101080002
200101080003
200101080004
200101080005
200101090001
200101090002
200101090003
200101090004
200101090005
200101090006
200101090007
200101090008
200101100001
200101100002
200101100003
200101100004
200101100005
200101110001
200101110002
200101110003
200101110004
200101120001
200101130001
200101130002
200101130003  200101140001
200101140001  200101130003
200101140002
200101140003
200101150001
200101150002  200101150003  200101150004  200101150005
200101150003  200101150002  200101150004  200101150005
200101150004  200101150002  200101150003  200101150005
200101150005  200101150002  200101150003  200101150004
200101150006
200101150007
200101160001
200101160002
200101160003  200101160004  200101160005
200101160004  200101160003  200101160005
200101160005  200101160003  200101160004
200101160006
200101160007
200101160009
200101160011
200101170001
200101170002
200101170003
200101170004
200101180001
200101180003
200101180004
200101180005
200101190001
200101190002  200101190003  200101190004  200101190005
200101190003  200101190002  200101190004  200101190005
200101190004  200101190002  200101190003  200101190005
200101190005  200101190002  200101190003  200101190004
200101190006  200101190008  200101190009  200101190010
200101190007
200101190008  200101190006  200101190009  200101190010
200101190009  200101190006  200101190008  200101190010
200101190010  200101190006  200101190008  200101190009
200101190011
200101200001
200101200002
200101200003
200101200004
200101200005
200101210001
200101210002
200101210003
200101210004
200101210005
200101210006
200101220001
200101220002
200101220003
200101220004
200101220005
200101220006
200101220007
200101230001
200101230002
200101230003
200101230004
200101230005
200101230006
200101230007
200101230008
200101230010
200101240001
200101240002  200101240003
200101240003  200101240002
200101240004
200101240005
200101250001
200101250002
200101250003
200101260001
200101260002
200101260003
200101260004
200101260005
200101260006
200101270001
200101270002
200101280002
200101280003
200101280004  200101280005  200101280006
200101280005  200101280004  200101280006
200101280006  200101280004  200101280005
200101280007
200101280008
200101280009
200101280010
200101280011
200101280012
200101290001
200101290002
200101290003
200101300001
200101300002
200101300003
200101300004  200101300005
200101300005  200101300004
200101310001
200101310002
200101310003
200102000001  200102120002
200102010001  200102010005  200102010006
200102010003
200102010004
200102010005  200102010001  200102010006
200102010006  200102010001  200102010005
200102020001
200102030001
200102030002
200102030003
200102030004
200102030005
200102040001
200102040002
200102040003
200102040004
200102040005
200102040006
200102040007
200102040008
200102050002
200102050003
200102050004
200102050005
200102050006
200102050007
200102050008
200102060001
200102060002
200102060003
200102060004
200102060005
200102060006
200102070001
200102070003
200102070004
200102070005  200102070010
200102070006
200102070007
200102070008
200102070010  200102070005
200102080001
200102080002
200102080003
200102080004
200102090001
200102090002
200102100001
200102100002
200102100003
200102100004
200102100005
200102100006
200102100007
200102110002
200102110003
200102110004
200102110005
200102110006
200102120001
200102120002  200102000001
200102120005
200102120006
200102120007
200102120008
200102130001
200102130002
200102130004
200102140001  200102170001
200102140002
200102140003
200102140004
200102140005
200102140006
200102140007
200102140009
200102140010
200102140011
200102140012
200102150001
200102150002
200102160001
200102160002
200102160003
200102160004
200102160005
200102170001  200102140001
200102170002
200102170003
200102170005
200102180001
200102180002
200102180003
200102180004
200102180005
200102190001
200102190005
200102190006
200102200001
200102200002
200102200004
200102200005
200102210001
200102210002
200102210003  200102210004
200102210004  200102210003
200102220001
200102220002
200102220003
200102220004
200102220006
200102220007
200102220008
200102230001
200102230003
200102230005
200102240001
200102240002
200102240003
200102250003
200102260001
200102260002
200102260003
200102260004
200102260005
200102260006
200102260007
200102270001
200102270002
200102270003
200102270004
200102270005
200102270006
200102280001
200102280002
200102280004
200103010001
200103010002
200103010003
200103010004
200103020001
200103020002
200103020003
200103020004
200103020005
200103020006
200103020009  200103020011
200103020010
200103020011  200103020009
200103030001
200103030002
200103030003
200103030004
200103030005
200103030006
200103030007
200103030008
200103030009
200103040001
200103040002
200103040003
200103040004
200103040006
200103040007
200103040008
200103050001
200103050002
200103050003
200103050004
200103060001
200103070001
200103070002
200103070003
200103070005
200103080001  200103080002  200103080005
200103080002  200103080001  200103080005
200103080005  200103080001  200103080002
200103080007
200103090001  200103090010
200103090002
200103090003
200103090004
200103090005  200103090006
200103090006  200103090005
200103090007
200103090008
200103090009
200103090010  200103090001
200103090011
200103090012
200103090013
200103090014
200103100001
200103100002
200103100003
200103100004
200103100008
200103110001
200103110002
200103110003
200103110004
200103110005
200103110006
200103120001
200103120002
200103120003
200103120004
200103120005
200103120006
200103120007
200103120008
200103130001
200103130002
200103130003
200103130004
200103140001
200103140002
200103140004
200103140006
200103150001
200103150002
200103150003
200103160001
200103160003
200103160004
200103160005
200103160006
200103160007
200103160009
200103170001
200103170002
200103170003
200103170004
200103170005
200103170006
200103180001
200103180002
200103180003
200103180004
200103180005
200103190001
200103190002
200103190003
200103190004
200103190005
200103190006
200103200001
200103200002
200103200003
200103200004
200103210001
200103210002
200103210003
200103210006
200103220001
200103220002
200103220003
200103220004
200103220005
200103220007
200103230001
200103230003
200103240001
200103240002
200103240003  200103240004  200103240005
200103240004  200103240003  200103240005
200103240005  200103240003  200103240004
200103240006
200103240007
200103240008
200103240009
200103250001
200103250002
200103250003
200103250004  200103250008
200103250005
200103250006
200103250007
200103250008  200103250004
200103260001
200103260002
200103260003
200103270001
200103270002
200103270003
200103270004
200103270005
200103270006
200103270007
200103270008
200103270009
200103280001
200103280002
200103280003
200103280004
200103280005
200103280006
200103280007
200103290001
200103290002
200103290003
200103290005
200103300002
200103310001
200104010001
200104010003
200104010004
200104010005
200104020001
200104020002
200104020003
200104020004
200104020005
200104020006
200104020007
200104030001
200104030002
200104030003
200104030004
200104030005
200104030006
200104040001
200104040002
200104040004
200104040005
200104050001
200104050002
200104050003
200104060001
200104060002
200104070001
200104070002
200104070004
200104070005
200104070006
200104080001
200104080002
200104080003
200104090001
200104090002
200104090003
200104100001
200104100002
200104100003
200104100004
200104100005
200104110001
200104110002
200104110003
200104110004
200104110005
200104120001
200104120002
200104130001
200104130002
200104130003
200104140001
200104140002
200104140003
200104140004
200104140005  200104140008
200104140007
200104140008  200104140005
200104150001
200104150002
200104160001
200104160002
200104160004
200104160005
200104180001
200104180002
200104180003
200104180004
200104180005
200104180006
200104190001
200104190002
200104200001
200104200002
200104200003
200104210001
200104210002
200104210003
200104220001
200104220002
200104220003
200104220004
200104220005
200104220006
200104230001
200104230002
200104230003
200104230004
200104230005  200104230009
200104230008
200104230009  200104230005
200104240001
200104250001
200104250003
200104250004
200104250005
200104250008
200104260001
200104260002
200104260003
200104260004
200104260005
200104280001
200104280002
200104280003
200104280004
200104280005
200104280006
200104290001
200104290002
200104290003
200104300001
200104300002
200104300003
200104300004
200105010001
200105010002
200105010003
200105010004
200105010005
200105010006
200105010007
200105010008
200105010009
200105020001
200105030001
200105030002
200105040001
200105040003
200105050001
200105050002
200105050003
200105060001
200105060002
200105060005
200105070001
200105070002
200105080001
200105080003
200105090001
200105090002
200105090003
200105090004
200105100001
200105100002
200105100003
200105100004
200105100005
200105110001
200105110002
200105110004
200105120001
200105130001
200105140001
200105150001
200105150002
200105150003
200105150004
200105160001
200105170001
200105180001
200105180003
200105200001
200105210001
200105210004
200105210005
200105210006  200105210007
200105210007  200105210006
200105230001
200105230002
200105230003
200105240001  200105240002
200105240002  200105240001
200105240003
200105240004
200105240005
200105250001
200105250002
200105250003
200105270001
200105270002
200105270003
200105280001
200105280002
200105280003  200105280004
200105280004  200105280003
200105280005
200105280007
200105280008
200105280009
200105280011
200105280012
200105290001
200105290002
200105290004
200105290005  200105290006
200105290006  200105290005
200105290008
200105290010
200105300001
200105300002
200105300003
200105300004
200105300005
200105300007
200105300008
200105310001
200105310002
200105310003
200105310004
200105310005
200105310006
200105310007
200106010001
200106010002
200106010003
200106010004
200106020001
200106020002
200106020003
200106020004
200106030001
200106030002
200106030003
200106040001
200106050001
200106060001
200106070001
200106070002
200106070003
200106070004
200106070005
200106070006
200106080001
200106080002
200106080003
200106080004
200106100001
200106100002
200106100003
200106110001
200106110002
200106120001
200106120002
200106130001
200106130002
200106130003
200106130004
200106140001
200106140002
200106140003
200106150001  200106150002
200106150002  200106150001
200106150003
200106150004
200106150005
200106150006
200106150007
200106160001
200106180001
200106180002
200106180003
200106190001
200106190002
200106200001
200106210001
200106220001
200106220002
200106230002
200106230004
200106240001
200106250001
200106250002
200106250003
200106250005
200106250006
200106250007
200106260001  200106270001  200106280002
200106260002
200106260003
200106260004
200106260006
200106270001  200106260001  200106280002
200106270002
200106270003
200106270004
200106270005
200106280001
200106280002  200106260001  200106270001
200106280003
200106280004
200106290001
200106290002
200107010001
200107010002
200107020001
200107020002
200107030001
200107040001
200107040002  200107040004
200107040003
200107040004  200107040002
200107060001
200107060003
200107070001
200107070002
200107070003
200107070004  200107070007  200107070008
200107070006
200107070007  200107070004  200107070008
200107070008  200107070004  200107070007
200107080001
200107090001
200107090002
200107090003
200107090005
200107100001
200107110001
200107110002
200107110003
200107120002
200107130001
200107140001
200107150001
200107150002
200107160001
200107160002
200107160003
200107170001
200107170002
200107170003
200107180002
200107180003
200107180004
200107190001
200107190003
200107200001
200107200002
200107200004
200107200005
200107210001
200107210002
200107220001
200107220002
200107220003
200107220005
200107230001
200107230002
200107230003  200107230005  200107230006  200107230007  200107230008
200107230004
200107230005  200107230003  200107230006  200107230007  200107230008
200107230006  200107230003  200107230005  200107230007  200107230008
200107230007  200107230003  200107230005  200107230006  200107230008
200107230008  200107230003  200107230005  200107230006  200107230007
200107230009
200107230010
200107240001
200107240003
200107250001
200107250002
200107260001
200107260002
200107270001
200107270002
200107270003
200107270004  200107270005
200107270005  200107270004
200107290001
200107290002
200107300001
200107310001
200108000001
200108000002
200108000003
200108000004
200108000005
200108000006
200108000007
200108010001
200108010002
200108010003
200108010005
200108010006
200108010007
200108010008
200108010009
200108010010
200108010011
200108010012
200108010014
200108020001
200108020002
200108020003
200108020004
200108020005
200108020006
200108020007
200108020008
200108020009
200108020010
200108020011
200108020012
200108020013
200108020015
200108020016
200108030001
200108030002
200108030003
200108030004
200108030005
200108030006
200108030007
200108030008
200108030009
200108030010
200108030013
200108040001  200108040002
200108040002  200108040001
200108040003
200108040004
200108050001
200108050002  200108050003  200108050004  200108050005
200108050003  200108050002  200108050004  200108050005
200108050004  200108050002  200108050003  200108050005
200108050005  200108050002  200108050003  200108050004
200108050006
200108050007
200108050008
200108050009
200108050010
200108050011
200108050012
200108050013
200108050014
200108050015
200108050016
200108050017
200108050018  200108050019  200108050020
200108050019  200108050018  200108050020
200108050020  200108050018  200108050019
200108050021
200108050022
200108050023
200108050024
200108050025
200108060001
200108060002
200108060003
200108060004
200108060005
200108060006  200108060007  200108060008
200108060007  200108060006  200108060008
200108060008  200108060006  200108060007
200108070001
200108070002  200108070004
200108070003
200108070004  200108070002
200108070005
200108070006
200108070007
200108070008
200108070009
200108070010
200108070011
200108070012
200108070013
200108070014
200108070015
200108070016
200108070017
200108070021
200108080001
200108080002  200108080006
200108080003
200108080004
200108080005
200108080006  200108080002
200108080007
200108080008
200108080009
200108080010
200108080011
200108080012
200108080014
200108090001
200108090002
200108090003
200108090004
200108090005
200108090006
200108090007
200108090008
200108090009
200108090010
200108090011  200108090012
200108090012  200108090011
200108090013
200108090014
200108090015
200108090016
200108100001  200108100002
200108100002  200108100001
200108100004
200108100005
200108100006
200108100007
200108100008  200108100009
200108100009  200108100008
200108100010
200108100011  200108100012
200108100012  200108100011
200108100013
200108100014
200108100015
200108100016
200108100017
200108110001  200108110002
200108110002  200108110001
200108110003
200108110004
200108110005  200108120012
200108110006
200108110007
200108110008
200108110009  200108120017
200108110010
200108110011
200108110012
200108110013
200108110014
200108120001
200108120002
200108120003
200108120004  200108120005  200108120006
200108120005  200108120004  200108120006
200108120006  200108120004  200108120005
200108120007
200108120008
200108120009
200108120011
200108120012  200108110005
200108120013
200108120014
200108120015
200108120016
200108120017  200108110009
200108120018
200108120019
200108120020
200108120021
200108120022
200108130002
200108130003
200108130004  200108130014  200108130015  200108130016
200108130005
200108130006
200108130007
200108130008
200108130009
200108130010  200108130011
200108130011  200108130010
200108130012
200108130013
200108130014  200108130004  200108130015  200108130016
200108130015  200108130004  200108130014  200108130016
200108130016  200108130004  200108130014  200108130015
200108130017
200108130018
200108130019
200108130020
200108140001
200108140002  200108140027  200108150008
200108140003
200108140004
200108140005
200108140006
200108140007
200108140008
200108140009
200108140010
200108140011
200108140012
200108140013
200108140014
200108140015
200108140016  200108140017  200108140018  200108140025  200108140026
200108140017  200108140016  200108140018  200108140025  200108140026
200108140018  200108140016  200108140017  200108140025  200108140026
200108140019  200108150002
200108140020
200108140021
200108140022
200108140023  200108140024
200108140024  200108140023
200108140025  200108140016  200108140017  200108140018  200108140026
200108140026  200108140016  200108140017  200108140018  200108140025
200108140027  200108140002  200108150008
200108150001
200108150002  200108140019
200108150003
200108150004
200108150005
200108150006
200108150007
200108150008  200108140002  200108140027
200108150009
200108150010
200108150011
200108150012
200108150013
200108150014  200108150015
200108150015  200108150014
200108150016
200108150017
200108150018
200108160001
200108160002
200108160003
200108160004
200108160005
200108160006  200108160007  200108160008  200108160009  200108160010  200108160011  200108160012
200108160007  200108160006  200108160008  200108160009  200108160010  200108160011  200108160012
200108160008  200108160006  200108160007  200108160009  200108160010  200108160011  200108160012
200108160009  200108160006  200108160007  200108160008  200108160010  200108160011  200108160012
200108160010  200108160006  200108160007  200108160008  200108160009  200108160011  200108160012
200108160011  200108160006  200108160007  200108160008  200108160009  200108160010  200108160012
200108160012  200108160006  200108160007  200108160008  200108160009  200108160010  200108160011
200108160013
200108160014
200108160015
200108160016
200108160017
200108160018
200108160019  200108160020
200108160020  200108160019
200108160021
200108160022
200108160023
200108160024
200108160025
200108160026
200108160027
200108170001
200108170002
200108170003
200108170004
200108170005
200108170006
200108170007  200108170008
200108170008  200108170007
200108170009
200108170010  200108170011  200108170014
200108170011  200108170010  200108170014
200108170012
200108170013
200108170014  200108170010  200108170011
200108170015
200108170016
200108180001  200108180002
200108180002  200108180001
200108180003
200108180004
200108180005
200108180006
200108180007
200108180008
200108180009
200108180010
200108180011
200108180012
200108180013
200108180014
200108180015
200108180016
200108180017
200108180018
200108180019
200108180020
200108190001
200108190002
200108190003
200108190004
200108190005
200108190006
200108190007
200108190008
200108190009
200108190011
200108190014
200108190015
200108190016
200108190017
200108200001
200108200002
200108200003
200108200005  200108200016
200108200006
200108200007
200108200008
200108200009
200108200010
200108200011
200108200012
200108200013
200108200014
200108200015
200108200016  200108200005
200108200017
200108200018
200108200019
200108200020
200108200021
200108210001
200108210002
200108210003
200108210004
200108210005
200108210006
200108210007
200108210008
200108210009
200108210010
200108210011  200108210012  200108210013
200108210012  200108210011  200108210013
200108210013  200108210011  200108210012
200108210014
200108210015
200108210016
200108210017
200108210018
200108210019
200108210022
200108220001  200108220003  200108220004
200108220002  200108220005
200108220003  200108220001  200108220004
200108220004  200108220001  200108220003
200108220005  200108220002
200108220006
200108220007
200108220008
200108220009
200108220010
200108220011
200108220012
200108220013
200108220014
200108220015
200108220016
200108220017
200108220018
200108220019
200108220020
200108230001  200108230002  200108230003  200108230004  200108230005  200108230006  200108230007  200108230008  200108230009
200108230002  200108230001  200108230003  200108230004  200108230005  200108230006  200108230007  200108230008  200108230009
200108230003  200108230001  200108230002  200108230004  200108230005  200108230006  200108230007  200108230008  200108230009
200108230004  200108230001  200108230002  200108230003  200108230005  200108230006  200108230007  200108230008  200108230009
200108230005  200108230001  200108230002  200108230003  200108230004  200108230006  200108230007  200108230008  200108230009
200108230006  200108230001  200108230002  200108230003  200108230004  200108230005  200108230007  200108230008  200108230009
200108230007  200108230001  200108230002  200108230003  200108230004  200108230005  200108230006  200108230008  200108230009
200108230008  200108230001  200108230002  200108230003  200108230004  200108230005  200108230006  200108230007  200108230009
200108230009  200108230001  200108230002  200108230003  200108230004  200108230005  200108230006  200108230007  200108230008
200108230010
200108230011
200108230012
200108230013
200108230014
200108230015
200108230016
200108230017
200108230018
200108230019
200108230020
200108230021
200108230022
200108230023  200108230024
200108230024  200108230023
200108230025
200108230026
200108240001
200108240002  200108240003
200108240003  200108240002
200108240004
200108240005  200108240006  200108240007
200108240006  200108240005  200108240007
200108240007  200108240005  200108240006
200108240008  200108240009
200108240009  200108240008
200108240010  200108240011
200108240011  200108240010
200108240012
200108240013
200108240014
200108240015
200108240016
200108240017
200108240018
200108240019
200108240020
200108250001
200108250002
200108250003
200108250004
200108250005
200108250006
200108250007
200108250008
200108250012
200108250013
200108250014
200108250015
200108250016
200108250017
200108250018
200108250019
200108250020  200108260017
200108250021
200108250022
200108250023
200108250024
200108250025
200108260005
200108260006
200108260007
200108260008  200108260009
200108260009  200108260008
200108260010
200108260011
200108260012
200108260013
200108260014  200108260015  200108260016
200108260015  200108260014  200108260016
200108260016  200108260014  200108260015
200108260017  200108250020
200108260018
200108260019  200108260020  200108260023
200108260020  200108260019  200108260023
200108260021
200108260022
200108260023  200108260019  200108260020
200108260024
200108260025
200108260026  200108270017  200108270018  200108270019
200108270001
200108270003
200108270004
200108270005
200108270006
200108270007
200108270008  200108270010
200108270009
200108270010  200108270008
200108270011
200108270012
200108270013
200108270014
200108270015  200108270016
200108270016  200108270015
200108270017  200108260026  200108270018  200108270019
200108270018  200108260026  200108270017  200108270019
200108270019  200108260026  200108270017  200108270018
200108270020
200108270021
200108270022
200108270023
200108270024
200108280001
200108280002
200108280003
200108280004
200108280005
200108280006
200108280007
200108280008
200108280009
200108280010
200108280011
200108280012
200108280013
200108280014
200108280015
200108280016
200108280017
200108280018
200108280019
200108280020
200108280021
200108280022
200108280023
200108290001
200108290002
200108290003
200108290004
200108290005
200108290006
200108290007
200108290008
200108290009
200108290010
200108290011  200108290012  200108290013
200108290012  200108290011  200108290013
200108290013  200108290011  200108290012
200108290014
200108290015
200108290016
200108290017
200108290018
200108290019
200108290020
200108290021
200108290022
200108290023
200108290024
200108290025
200108290027
200108300001
200108300002
200108300003
200108300004
200108300005
200108300006
200108300007
200108300008
200108300009
200108300010
200108300011
200108300012
200108300013
200108300014
200108300015
200108310001
200108310002
200108310003
200108310004
200108310005
200108310006
200108310007
200108310008
200108310009
200108310010
200109010001  200109010002  200109010004
200109010002  200109010001  200109010004
200109010003
200109010004  200109010001  200109010002
200109010005
200109010006
200109010007
200109010008
200109010009
200109010010
200109010011
200109010012
200109010013
200109010014
200109010015
200109020001
200109020002
200109020003
200109020004
200109020005
200109020006
200109030001
200109030002
200109030003
200109030004
200109030005  200109030007  200109030008  200109030009
200109030006
200109030007  200109030005  200109030008  200109030009
200109030008  200109030005  200109030007  200109030009
200109030009  200109030005  200109030007  200109030008
200109040001
200109040002
200109040003
200109040004
200109040005
200109050001
200109050002
200109050003
200109050004
200109060002
200109060003
200109060004
200109070001
200109070002
200109080001
200109080002
200109080003
200109080004
200109080005
200109080006
200109090001
200109090002
200109090003
200109090004
200109090005
200109090006
200109090007
200109090008
200109100001
200109100002
200109100003
200109100004
200109100005
200109100006
200109100007
200109110001
200109110002
200109110003
200109110004  200109110005  200109110006  200109110007
200109110005  200109110004  200109110006  200109110007
200109110006  200109110004  200109110005  200109110007
200109110007  200109110004  200109110005  200109110006
200109110008
200109120001
200109120002
200109120003
200109130001
200109130002
200109130003
200109130004
200109140001
200109140002
200109150001
200109150002
200109150003
200109150004
200109160001
200109160002
200109160003
200109160004
200109160005
200109160006
200109160007
200109160008
200109170001
200109170002
200109170003
200109180001
200109190001
200109190002
200109190003
200109190004
200109190005
200109190006
200109190007
200109200001
200109200003
200109200004
200109200005
200109200006
200109200007
200109220001
200109230001
200109230002
200109230003
200109230004
200109230005
200109230006
200109240001
200109240002
200109240003
200109240004
200109240005
200109250001
200109250002
200109260001
200109260002
200109260003
200109260004
200109270001
200109270002
200109270003
200109270004
200109280001
200109280002
200109280003
200109280004
200109280005
200109280006
200109290001
200109300001
200110010001
200110010002
200110010003
200110010004
200110020001
200110020003  200110090004  200110120004  200110150001  200110150002  200110180004  200110260004  200110290003
200110020004
200110020006
200110030001
200110030002
200110040001
200110040002
200110050001
200110060001
200110070001
200110070002
200110070003
200110080001  200110080002  200110080003
200110080002  200110080001  200110080003
200110080003  200110080001  200110080002
200110080004
200110080005
200110090004  200110020003  200110120004  200110150001  200110150002  200110180004  200110260004  200110290003
200110100001
200110100002
200110100003
200110100004
200110100005
200110100006
200110110001
200110110002
200110110003  200110110008  200110110009
200110110004
200110110005
200110110006
200110110007  200111100005  200111100008
200110110003  200110110008
200110110003  200110110009
200110120001
200110120002
200110120003
200110120004  200110020003  200110090004  200110150001  200110150002  200110180004  200110260004  200110290003
200110120005
200110130001
200110140002
200110150001  200110020003  200110090004  200110120004  200110150002  200110180004  200110260004  200110290003
200110150002  200110020003  200110090004  200110120004  200110150001  200110180004  200110260004  200110290003
200110150003
200110150004
200110150005
200110160001  200110160002
200110160002  200110160001
200110160003
200110170001
200110170002
200110170003
200110170004
200110180001
200110180002
200110180004  200110020003  200110090004  200110120004  200110150001  200110150002  200110260004  200110290003
200110180005
200110190001
200110190002
200110200001
200110200002
200110200003
200110210001
200110210002
200110220001
200110220002
200110220003
200110220004
200110240002
200110250001
200110250002
200110260001
200110260002
200110260003
200110260004  200110020003  200110090004  200110120004  200110150001  200110150002  200110180004  200110290003
200110270001
200110270002
200110270003
200110270004
200110280001
200110280002
200110280003
200110280004
200110280005
200110280006
200110280007
200110290001
200110290002
200110290003  200110020003  200110090004  200110120004  200110150001  200110150002  200110180004  200110260004
200110290004
200110290006
200110300001
200110300004
200110300005
200110300006
200111010002
200111010003  200111010004  200111010005
200111010004  200111010003  200111010005
200111010005  200111010003  200111010004
200111020001
200111020002
200111020003
200111020004
200111030001
200111030002
200111030003
200111030004
200111030005
200111040001
200111050001
200111050002
200111050003
200111050004
200111050005  200111050006
200111050006  200111050005
200111060001
200111060002
200111060003
200111060004
200111060005
200111060007
200111060008
200111070001
200111070002
200111070003
200111090001
200111090002
200111100001
200111100002
200111100003
200111100004
200111100005  200110110007  200111100008
200111100006
200111100007
200111100008  200110110007  200111100005
200111110001
200111110002
200111110003
200111110004
200111110005
200111110008  200111110009
200111110009  200111110008
200111110010
200111110011
200111110012
200111120001
200111130001
200111140001
200111140002  200111140003
200111140003  200111140002
200111140004
200111140005
200111140006
200111140007
200111150001
200111150002
200111150003
200111150004
200111150005
200111150006
200111160001
200111160002
200111170001
200111170002
200111170003
200111180001
200111180002
200111180003
200111180004
200111190001
200111190002
200111190003
200111200001
200111200002
200111200003
200111210001
200111210002
200111210003
200111210004
200111210005
200111220002
200111220003
200111220004  200111240008
200111230001
200111230002
200111230003
200111230004
200111230006
200111240001
200111240002
200111240003
200111240004
200111240005
200111240006
200111240007
200111240008  200111220004
200111250001
200111250002
200111250003
200111250004
200111260001
200111260002
200111260003
200111270001
200111270002
200111270003
200111270004
200111270005
200111270006
200111280001
200111280002
200111280003
200111280004
200111290001
200111290002
200111290003
200111290004  200111290005  200111290006
200111290005  200111290004  200111290006
200111290006  200111290004  200111290005
200111290007
200111290008
200111290009
200111290010  200111290011  200111290012  200111290013  200111290014  200112030003
200111290011  200111290010  200111290012  200111290013  200111290014  200112030003
200111290012  200111290010  200111290011  200111290013  200111290014  200112030003
200111290013  200111290010  200111290011  200111290012  200111290014  200112030003
200111290014  200111290010  200111290011  200111290012  200111290013  200112030003
200111300001
200111300002
200111300003
200112000001
200112010001
200112010002
200112010003
200112010004  200112010005
200112010005  200112010004
200112010006
200112010007
200112010008
200112010009
200112010010
200112010011
200112020001
200112020002
200112020003
200112020004
200112030001
200112030002
200112030003  200111290010  200111290011  200111290012  200111290013  200111290014
200112030005
200112030006
200112030007
200112040001
200112040002
200112040003
200112040005
200112050001
200112050002
200112050003
200112050004
200112050005
200112060001
200112060002
200112070001
200112080001
200112080002
200112080003
200112080004
200112080005
200112090001  200112090002
200112090002  200112090001
200112090003
200112090004
200112090005
200112090006
200112090007
200112090008
200112100001
200112100002
200112120001  200112120002
200112120002  200112120001
200112120003  200112120004
200112120004  200112120003
200112120005
200112120006
200112120007
200112120008
200112120010
200112130001
200112130002
200112130003
200112130005
200112140001  200112140002  200112140003  200112140004  200112140005  200112140006
200112140002  200112140001  200112140003  200112140004  200112140005  200112140006
200112140003  200112140001  200112140002  200112140004  200112140005  200112140006
200112140004  200112140001  200112140002  200112140003  200112140005  200112140006
200112140005  200112140001  200112140002  200112140003  200112140004  200112140006
200112140006  200112140001  200112140002  200112140003  200112140004  200112140005
200112140007
200112140008
200112140009
200112150001
200112150002
200112150003
200112150004
200112150005
200112160001
200112170001
200112170002
200112170003  200112170004
200112170004  200112170003
200112170005
200112170006
200112180001
200112180002
200112180003
200112190001
200112200001
200112200002
200112200003
200112200004
200112210001
200112220001
200112220002
200112230001
200112230002
200112230003
200112230004
200112230005
200112230006
200112240001
200112240002
200112240003
200112240004  200112240005  200112240006  200112240007  200112240008
200112240005  200112240004  200112240006  200112240007  200112240008
200112240006  200112240004  200112240005  200112240007  200112240008
200112240007  200112240004  200112240005  200112240006  200112240008
200112240008  200112240004  200112240005  200112240006  200112240007
200112240009
200112250001
200112250002
200112250003
200112260001
200112260002
200112260003
200112260004
200112270001
200112280001
200112280002
200112280003
200112300001
200112300002
200112300003
