201001010002
201001010003
201001010004
201001010005  201001010006  201001010007
201001010006  201001010005  201001010007
201001010007  201001010005  201001010006
201001010008  201001010009  201001010010  201001010011  201001010012  201001010014
201001010009  201001010008  201001010010  201001010011  201001010012  201001010014
201001010010  201001010008  201001010009  201001010011  201001010012  201001010014
201001010011  201001010008  201001010009  201001010010  201001010012  201001010014
201001010012  201001010008  201001010009  201001010010  201001010011  201001010014
201001010013
201001010014  201001010008  201001010009  201001010010  201001010011  201001010012
201001010015
201001020001
201001030001
201001030002
201001030003
201001040001
201001040002
201001040003
201001040004
201001050002
201001050003
201001050004
201001060001
201001060005
201001060006
201001070001
201001070003  201001070004
201001070004  201001070003
201001070005
201001070006
201001080001
201001080002
201001080003
201001080005
201001090002
201001090004
201001090005
201001090006
201001100001
201001100002
201001100003
201001100004
201001100005
201001100006
201001100007
201001100008
201001110001
201001110002
201001110003
201001110004
201001110005
201001120001
201001120002
201001120003
201001120004
201001120005
201001130001
201001130002
201001130003
201001130004
201001130005
201001130006
201001140001
201001140002  201001140003
201001140003  201001140002
201001140004
201001140005
201001140006
201001140007
201001140008
201001140009
201001140010
201001150001
201001150002
201001150003
201001150004
201001150005
201001150006
201001150007
201001160001
201001160002
201001160003
201001160004
201001160005
201001160006
201001160007
201001160008
201001170001
201001170002
201001170003
201001170004
201001170008
201001170009  201001180009
201001170010
201001170011
201001170012  201001170013
201001170013  201001170012
201001170014
201001170015
201001180001
201001180004
201001180005
201001180006
201001180007
201001180008
201001180009  201001170009
201001180010
201001180011
201001180012
201001180015  201001180016  201001180017  201001180018  201001180019  201001180020  201001180021
201001180016  201001180015  201001180017  201001180018  201001180019  201001180020  201001180021
201001180017  201001180015  201001180016  201001180018  201001180019  201001180020  201001180021
201001180018  201001180015  201001180016  201001180017  201001180019  201001180020  201001180021
201001180019  201001180015  201001180016  201001180017  201001180018  201001180020  201001180021
201001180020  201001180015  201001180016  201001180017  201001180018  201001180019  201001180021
201001180021  201001180015  201001180016  201001180017  201001180018  201001180019  201001180020
201001180022
201001180023
201001180024
201001180027
201001180028
201001180029
201001190001
201001190002
201001190004
201001190005
201001190006
201001190007
201001190009
201001190010
201001190011
201001190012
201001190013
201001190014
201001190015
201001190016
201001190017
201001200003
201001200005
201001200006
201001200007
201001200008
201001200012
201001210001
201001210002
201001210003
201001210004
201001210005
201001210008
201001210009
201001210010
201001210011
201001210012
201001220002
201001220003
201001220005
201001220007
201001220008  201001220010  201001220011
201001220009
201001220010  201001220008  201001220011
201001220011  201001220008  201001220010
201001220012
201001220013
201001230002
201001230003
201001230004
201001230005
201001230006
201001230007
201001230008
201001230009
201001230010
201001230011
201001230012
201001240001
201001240002
201001240003
201001240004
201001240005
201001240006
201001240008
201001240010
201001240011
201001240012
201001240013
201001240014
201001250001
201001250002  201001250003
201001250003  201001250002
201001250004
201001250005
201001250006
201001250007
201001250008  201001250009  201001250010
201001250009  201001250008  201001250010
201001250010  201001250008  201001250009
201001250012
201001250014
201001250015
201001250016
201001250018
201001250019
201001250020
201001250022
201001250023
201001260002
201001260003
201001260004
201001260005
201001260006
201001260007
201001260008
201001260012
201001260014
201001270001
201001270002
201001270003
201001270004
201001270006
201001270007
201001270008
201001270009
201001270010
201001270011
201001270012
201001270013
201001270016
201001270017
201001270018
201001270019
201001280001
201001280003
201001280004
201001280005
201001280006
201001280007
201001280009
201001280010
201001280011
201001280012
201001280013
201001280014
201001280015
201001280016
201001280017
201001290001
201001290002  201001290003
201001290003  201001290002
201001290004
201001290005
201001290006
201001290007
201001290008
201001290009
201001290010
201001290011
201001290012
201001290013
201001290014
201001290015
201001290016
201001300001
201001300002
201001300003
201001300004
201001300006
201001300007
201001310001
201001310003
201001310004
201001310005
201001310006
201001310007
201001310008
201001310009
201002010001
201002010002
201002010004
201002010005
201002010007
201002010008
201002010009
201002010010
201002010011
201002010017
201002010024
201002010025
201002010026
201002010027
201002010028
201002010031
201002010032
201002020001
201002020003
201002020006
201002020007
201002020008
201002020009
201002020010
201002020011
201002020012
201002020019
201002020021
201002020022
201002020023
201002020024
201002020025
201002020027
201002020029
201002020030
201002030005
201002030006
201002030007
201002030008
201002030009
201002030010
201002030011
201002030012
201002030013
201002030016
201002030017
201002030018
201002030020
201002030023
201002040006
201002040008
201002040013
201002040015
201002040017
201002040019
201002040020
201002040023
201002050001  201002050024
201002050005
201002050007
201002050008
201002050012
201002050013
201002050014
201002050015
201002050016
201002050017
201002050022
201002050023
201002050024  201002050001
201002050027  201002050029
201002050029  201002050027
201002060002  201002060025
201002060005
201002060006
201002060009
201002060010
201002060016
201002060018
201002060019
201002060020
201002060021
201002060022
201002060023
201002060025  201002060002
201002070003
201002070004
201002070005
201002070006
201002070007
201002070019
201002070020
201002070021
201002070024
201002070025
201002070026
201002070028
201002070032
201002080001
201002080003
201002080004
201002080005
201002080007
201002080008
201002080009
201002080012
201002080013
201002080014
201002080017
201002080018
201002080019
201002080020
201002080021
201002080022
201002080023
201002090001
201002090005
201002090006
201002090007
201002090010
201002090014
201002090015
201002090016
201002090018
201002090019
201002090020
201002090022
201002090023
201002100002
201002100003
201002100005
201002100006
201002100010
201002100013
201002100014
201002100015
201002100016
201002100017
201002100019
201002100020
201002100021
201002100022
201002100024
201002100026
201002100027
201002100028
201002100029
201002100032
201002100033
201002100034
201002100035
201002110001
201002110005
201002110006
201002110008
201002110009
201002110011
201002110012
201002110013
201002110014
201002110015
201002120003
201002120006
201002120008
201002120009
201002120010
201002120011
201002120012
201002120014
201002130005
201002130006
201002130007  201002130008  201002130009  201002130010  201002130011
201002130008  201002130007  201002130009  201002130010  201002130011
201002130009  201002130007  201002130008  201002130010  201002130011
201002130010  201002130007  201002130008  201002130009  201002130011
201002130011  201002130007  201002130008  201002130009  201002130010
201002130012
201002130013
201002130014
201002130015
201002130016
201002130017
201002130018
201002130019
201002130020
201002130021
201002130023
201002130024
201002130025
201002140001
201002140004
201002140005
201002140007
201002140008
201002140009
201002140011
201002140012
201002140013
201002140015
201002140017
201002140018
201002140019
201002140021
201002140022
201002140023
201002140027
201002150001
201002150005
201002150006
201002150009
201002150010
201002150011  201002150012  201002150013
201002150012  201002150011  201002150013
201002150013  201002150011  201002150012
201002150014
201002150015
201002150019
201002150020
201002150022
201002150023
201002150024
201002150026
201002150027
201002150028
201002150029
201002160001
201002160002
201002160004
201002160006
201002160007
201002160008
201002160009
201002160010
201002160012
201002170001
201002170003
201002170009
201002170011
201002170012
201002170014
201002170017
201002170019
201002170021
201002170022
201002170023
201002170024
201002170025
201002170026
201002170028
201002180002
201002180003
201002180005
201002180006
201002180007
201002180008
201002180009
201002180011
201002180012
201002180013
201002180016
201002180018
201002180020
201002180022
201002190001
201002190005  201002190006  201002190007
201002190006  201002190005  201002190007
201002190007  201002190005  201002190006
201002190011
201002190012
201002190013
201002190016
201002190019
201002190022
201002190025
201002190026
201002190028
201002190029  201002190030  201002190031
201002190030  201002190029  201002190031
201002190031  201002190029  201002190030
201002190032
201002190034  201002190035
201002190035  201002190034
201002200002
201002200003  201002200004  201002200005
201002200004  201002200003  201002200005
201002200005  201002200003  201002200004
201002200009
201002200010
201002200013
201002210001
201002210002
201002210003
201002210004
201002210007
201002210008
201002210009
201002210011
201002210012
201002210014
201002210015
201002210016
201002210019
201002210020
201002210021
201002210022
201002210023
201002210024
201002210026
201002210027  201002210028
201002210028  201002210027
201002210029
201002210030
201002210031
201002220007  201002220008  201002220009
201002220008  201002220007  201002220009
201002220009  201002220007  201002220008
201002220010
201002220011
201002220014
201002220020
201002220021
201002220023
201002220029
201002220031
201002220032
201002220033
201002220034
201002220035
201002220037
201002230002  201002230031
201002230004
201002230005
201002230006
201002230007
201002230008
201002230009
201002230010
201002230011
201002230012
201002230015
201002230023
201002230027
201002230028
201002230030
201002230031  201002230002
201002230032
201002230033
201002230034
201002230036
201002230037
201002240002
201002240003
201002240005
201002240006
201002240007
201002240010
201002240012
201002240013
201002240015
201002240016
201002240019
201002240021
201002240022
201002250001
201002250002
201002250003
201002250006
201002250007
201002250010
201002250011
201002250014
201002250015
201002250017  201002250018
201002250018  201002250017
201002260001
201002260002
201002260005
201002260008
201002260009
201002260011
201002260012
201002260013
201002260016
201002260017
201002260020
201002260021
201002260024
201002270001
201002270002
201002270003
201002270009
201002270010  201002270011  201002270012  201002270014
201002270011  201002270010  201002270012  201002270014
201002270012  201002270010  201002270011  201002270014
201002270013
201002270014  201002270010  201002270011  201002270012
201002270015
201002270016
201002280004
201002280005
201002280006
201002280007  201002280008  201002280020
201002280008  201002280007  201002280020
201002280010
201002280011
201002280012
201002280013
201002280015
201002280017
201002280018
201002280020  201002280007  201002280008
201003010001
201003010002
201003010003
201003010004
201003010005
201003010007
201003010008
201003010009
201003010011
201003010013
201003010014
201003010017
201003020001
201003020004
201003020005
201003020006
201003020007
201003020008
201003020009
201003020010
201003020012
201003020014
201003020015
201003020016
201003030001
201003030003
201003030004
201003030005
201003030006
201003030007
201003030008
201003030010
201003030012
201003030014
201003030017
201003040001
201003040003
201003040005
201003040006
201003040007
201003040011
201003040014
201003040015
201003040016
201003050002
201003050003
201003050004
201003050005
201003050006
201003050007
201003050008
201003050011
201003060001
201003060004
201003060006
201003060008
201003060010
201003060011
201003060014
201003060015
201003060016
201003060017
201003060019
201003070001
201003070002
201003070007
201003070010
201003070014
201003070016
201003070021
201003070022
201003070026
201003070027
201003070031
201003070034
201003070036
201003070041
201003070042
201003070051
201003070052
201003070055
201003070056
201003070058
201003080002
201003080005
201003080006
201003080007
201003080008
201003080009
201003080011
201003080012
201003080013
201003090001
201003090002
201003090005
201003090007
201003090008
201003090009
201003090010
201003090011
201003100002
201003100004
201003100008
201003100009
201003100010
201003100011
201003110003
201003110004  201003110005  201003110006  201003110008
201003110005  201003110004  201003110006  201003110008
201003110006  201003110004  201003110005  201003110008
201003110007
201003110008  201003110004  201003110005  201003110006
201003110009
201003110010
201003110011
201003110012
201003110013
201003110014
201003110016
201003110017
201003110018
201003110020
201003120001
201003120002
201003120004
201003120007
201003120008
201003120009
201003120010
201003120011
201003120012  201003120013
201003120013  201003120012
201003120015
201003120016
201003130005
201003130006
201003130007
201003130008
201003130011  201003130022  201003130023
201003130012
201003130013
201003130015
201003130017
201003130019
201003130022  201003130011  201003130023
201003130023  201003130011  201003130022
201003130024
201003140001
201003140004
201003140010
201003140011
201003140012
201003140013
201003140014
201003140015
201003150002
201003150006
201003150008
201003150009
201003160002
201003160003
201003160005
201003160006
201003160007
201003160009  201003160021
201003160010
201003160012
201003160014
201003160015
201003160016
201003160018
201003160019
201003160021  201003160009
201003170001
201003170002
201003170003
201003170006
201003170008
201003170010
201003170014
201003170015
201003180001
201003180002
201003180003
201003180004
201003180005
201003180006
201003180007
201003180008
201003180011  201003180022
201003180017
201003180019
201003180020
201003180021
201003180022  201003180011
201003190001
201003190002
201003190003
201003190004
201003190006
201003190010
201003190012
201003190013
201003190014
201003190015
201003190017
201003190018
201003200001
201003200002
201003200003
201003200004
201003200005
201003200007
201003200017
201003200021
201003200022
201003200023
201003210002
201003210004
201003210006
201003210008
201003210009
201003210010  201003210011  201003210012
201003210011  201003210010  201003210012
201003210012  201003210010  201003210011
201003210014
201003210016  201003210019
201003210019  201003210016
201003210020
201003220004
201003220005
201003220006
201003220007
201003220008
201003220010
201003220011
201003220012
201003220014
201003220016
201003220018
201003220019
201003220022
201003220026  201003220027
201003220027  201003220026
201003220032
201003220033
201003230001
201003230004
201003230005
201003230007
201003230010
201003230013
201003230014
201003230015
201003230016
201003230017
201003230023
201003230024
201003230025
201003230026
201003230027
201003230029
201003230030
201003230034
201003230036
201003240001
201003240002
201003240003
201003240004
201003240005
201003240006
201003240007
201003240008
201003240009
201003240010
201003240011
201003240014
201003240016
201003240017
201003240018
201003250004
201003250005
201003250006
201003250007
201003250008
201003250009
201003250012
201003250013
201003250014
201003250018
201003250019
201003250020
201003260001
201003260003
201003260005
201003260009
201003260010
201003260012
201003260014
201003270005
201003270006
201003270007  201003270008
201003270008  201003270007
201003270009
201003270011
201003270014
201003270015
201003270016
201003270017
201003270018
201003270019
201003270021
201003270024
201003270025
201003270026
201003270027
201003280001
201003280002
201003280003
201003280004
201003280005
201003280006
201003280007
201003280008
201003280010
201003280011  201003280012
201003280012  201003280011
201003280014
201003280015
201003280018
201003280019
201003280020
201003280021
201003280022
201003290001
201003290005
201003290006
201003290007
201003290010  201003290011
201003290011  201003290010
201003290012
201003290013
201003290016
201003300001  201003300002
201003300002  201003300001
201003300004
201003300006
201003300007
201003300008
201003300009
201003300010
201003300011
201003300013
201003310001
201003310005
201003310006
201003310008
201003310010
201003310012
201003310013
201003310020
201003310026
201003310028
201003310029
201003310030
201003310031
201003310032
201003310033
201004010001
201004010002
201004010003
201004010004
201004010005
201004010007
201004010008
201004010009
201004020001
201004020002
201004020006
201004020007
201004030001
201004030002
201004030003  201004050003
201004030004
201004030005
201004030006
201004030007
201004030008
201004030009
201004030011
201004040002
201004040003
201004040004
201004040005  201004040012
201004040006
201004040007
201004040008
201004040009
201004040010
201004040011
201004040012  201004040005
201004040013
201004040015
201004050001
201004050002
201004050003  201004030003
201004050004
201004050005
201004050006
201004050007
201004050008
201004050009  201004050010
201004050010  201004050009
201004050011
201004050012
201004050014
201004050016  201004050017
201004050017  201004050016
201004050019
201004060001
201004060002
201004060003
201004060004
201004060005
201004060006
201004060008
201004060009
201004060010
201004060011
201004060012  201004060013  201004060014  201004060015  201004060016  201004060017
201004060013  201004060012  201004060014  201004060015  201004060016  201004060017
201004060014  201004060012  201004060013  201004060015  201004060016  201004060017
201004060015  201004060012  201004060013  201004060014  201004060016  201004060017
201004060016  201004060012  201004060013  201004060014  201004060015  201004060017
201004060017  201004060012  201004060013  201004060014  201004060015  201004060016
201004060018
201004060019
201004070001
201004070002
201004070003
201004070004  201004080009
201004070005
201004070006
201004070007
201004070008
201004070009
201004070010
201004070011  201004070012
201004070012  201004070011
201004070013
201004070014
201004070017
201004070019
201004070020
201004080001
201004080002
201004080003
201004080004
201004080005
201004080006
201004080007
201004080008
201004080009  201004070004
201004080010
201004080011
201004080012
201004080013
201004080014
201004090001
201004090002
201004090005
201004090006
201004090007
201004090008
201004090009
201004090010
201004090011
201004100001
201004100003  201004100004  201004100005  201004100006
201004100004  201004100003  201004100005  201004100006
201004100005  201004100003  201004100004  201004100006
201004100006  201004100003  201004100004  201004100005
201004100007
201004100008
201004100010
201004100011
201004100012
201004100013
201004100014
201004100015
201004100016
201004100017
201004110001
201004110002
201004110003
201004110004
201004110006
201004110007
201004110008
201004110009  201004120005
201004110011
201004110012
201004110013
201004120001
201004120002  201004120003
201004120003  201004120002
201004120004
201004120005  201004110009
201004120007
201004120008
201004120009
201004120010
201004120011  201004120012
201004120012  201004120011
201004120013
201004120014
201004120015
201004120016
201004120017
201004130001  201004130002  201004130003
201004130002  201004130001  201004130003
201004130003  201004130001  201004130002
201004130005
201004130007
201004130008
201004130009
201004130010
201004130011
201004130012
201004130013
201004130014
201004130015
201004130016
201004130017
201004130018
201004130019
201004130021
201004130022
201004140002
201004140003
201004140004
201004140005
201004140006  201004140007  201004140012  201004140013
201004140007  201004140006  201004140012  201004140013
201004140008
201004140011
201004140012  201004140006  201004140007  201004140013
201004140013  201004140006  201004140007  201004140012
201004140016
201004140017
201004150001
201004150002
201004150003
201004150004
201004150005
201004150006
201004150007
201004150008
201004150009
201004150010
201004150011
201004150012
201004150013
201004150014
201004150015
201004150016
201004150017
201004150018
201004150019
201004150020
201004150021
201004160001
201004160003
201004160004
201004170001
201004170002
201004170003
201004170004
201004170005
201004170006
201004170007  201004170008
201004170008  201004170007
201004170009
201004170010
201004180001
201004180003
201004180004
201004180005
201004180006
201004180007
201004180008
201004180009
201004190002
201004190003
201004190004
201004190005
201004190006
201004190007
201004190008
201004190009
201004190010
201004190011
201004190012
201004190015
201004190016
201004190018
201004200001  201004200002
201004200002  201004200001
201004200009
201004200012
201004200014
201004200015
201004200017
201004200018
201004200020
201004200021
201004200022
201004200023
201004200024
201004200025
201004200026
201004200027
201004210001
201004210003
201004210006
201004210007
201004210008
201004210009
201004210010
201004220001
201004220003
201004220004
201004220005
201004220006
201004220007  201004220008  201004220009
201004220008  201004220007  201004220009
201004220009  201004220007  201004220008
201004220010
201004220011
201004220012
201004220013
201004220014
201004220015
201004220017
201004230001  201004230002  201004230004  201004230006  201004230007
201004230002  201004230001  201004230004  201004230006  201004230007
201004230003
201004230004  201004230001  201004230002  201004230006  201004230007
201004230005
201004230006  201004230001  201004230002  201004230004  201004230007
201004230007  201004230001  201004230002  201004230004  201004230006
201004230008  201004230009
201004230009  201004230008
201004230010
201004230011
201004230012
201004230014
201004230017
201004230018
201004240001
201004240002
201004240003
201004240004
201004240005
201004240006
201004240007
201004240008
201004240010
201004240011
201004240013
201004240014
201004240015
201004250001
201004250002
201004250003
201004250005
201004250007
201004250010
201004250011
201004250013
201004250014
201004260001
201004260002
201004260004
201004260006
201004260007
201004260009
201004260010
201004260011
201004260012
201004270001
201004270002
201004270003
201004270005
201004270006
201004270007
201004270009  201004280003
201004270010
201004270011
201004270012
201004280002
201004280003  201004270009
201004280004
201004280005
201004280006
201004280007
201004280009
201004290001
201004290002
201004290003  201004290013
201004290004
201004290005  201004290009  201004290010
201004290006  201004290007
201004290007  201004290006
201004290008
201004290009  201004290005  201004290010
201004290010  201004290005  201004290009
201004290013  201004290003
201004300001
201004300002
201004300003
201004300004
201004300006
201004300007
201004300008
201004300009
201005010001
201005010002
201005010003
201005010006
201005010007
201005010008
201005010009
201005010010
201005010011
201005010012
201005020002
201005020004
201005020005
201005020006
201005020007
201005020008
201005020010
201005020012
201005020013
201005020014
201005020015
201005020016
201005020018
201005020019
201005030001
201005030002
201005030004
201005030011
201005030012
201005030013
201005030014
201005030018
201005030021
201005030022
201005040001
201005040002
201005040003
201005040004
201005040005
201005040006
201005040008
201005040009
201005040011
201005040012
201005040013
201005040014
201005040016
201005040017
201005040019
201005040020
201005040021
201005050001
201005050002
201005050003
201005050007
201005050009
201005050010
201005050011
201005050013
201005060001
201005060002
201005060003
201005060004
201005060005
201005060008
201005060010
201005060011
201005060012
201005060014
201005070001
201005070002
201005070003
201005070004
201005070005
201005070008
201005070015
201005070016
201005070017
201005070018
201005070019
201005070020
201005080001
201005080002
201005080003
201005080004
201005080005
201005080007
201005080008
201005080009
201005080010
201005080011
201005080012
201005080013
201005080014
201005080016
201005080017
201005080019
201005080020
201005080021
201005090001
201005090002
201005090003  201005090004
201005090004  201005090003
201005090005
201005090008
201005090012
201005090013
201005090014
201005090015
201005090016
201005090017
201005100001
201005100002  201005100003  201005100031
201005100003  201005100002  201005100031
201005100006
201005100008
201005100011
201005100013
201005100015
201005100016
201005100017
201005100018
201005100019
201005100022
201005100023
201005100028
201005100029
201005100030
201005100031  201005100002  201005100003
201005100035
201005100036
201005100037
201005100038
201005100040
201005100041
201005100042
201005110001
201005110003
201005110004
201005110005
201005110007
201005110008
201005110009  201005110010  201005110011  201005110012  201005110013  201005120002  201005120003
201005110010  201005110009  201005110011  201005110012  201005110013  201005120002  201005120003
201005110011  201005110009  201005110010  201005110012  201005110013  201005120002  201005120003
201005110012  201005110009  201005110010  201005110011  201005110013  201005120002  201005120003
201005110013  201005110009  201005110010  201005110011  201005110012  201005120002  201005120003
201005110014
201005110015
201005110016
201005110017
201005110018
201005120001
201005120002  201005110009  201005110010  201005110011  201005110012  201005110013  201005120003
201005120003  201005110009  201005110010  201005110011  201005110012  201005110013  201005120002
201005120004
201005120005
201005120006
201005120007
201005120008
201005120009
201005120010
201005120011
201005120012
201005120013
201005120014
201005120016
201005120017
201005120018
201005120019
201005120020
201005120021
201005130001
201005130002
201005130003
201005130004
201005130006
201005130007
201005130008
201005130009
201005130011
201005130013
201005130015
201005130017
201005130018
201005130019
201005130020
201005130022  201005130023
201005130023  201005130022
201005130024
201005130025
201005130026
201005140003
201005140005
201005140006
201005140007
201005140008
201005140009
201005140010
201005140012
201005140013
201005140015
201005140016
201005140017
201005140018
201005140019
201005140020
201005140021
201005150003
201005150007  201005150008
201005150008  201005150007
201005150011
201005150012
201005150013
201005150014
201005150016
201005150017
201005150018
201005150020
201005150021
201005150022
201005150023
201005150024  201005150025  201005150026  201005150027   201005150028
201005150025  201005150024  201005150026  201005150027   201005150028
201005150026  201005150024  201005150025  201005150027   201005150028
201005150027  201005150024  201005150025  201005150026  201005150028
201005150028  201005150024  201005150025  201005150026  201005150027
201005150029
201005160001
201005160002
201005160003
201005160004
201005160007
201005160008
201005160009
201005160010  201005160011
201005160011  201005160010
201005160012
201005160013
201005160014
201005160015
201005160016
201005160019
201005170001
201005170002
201005170003
201005170005
201005170006
201005170007
201005170008
201005170010
201005170011
201005170012
201005170014
201005170015
201005170016
201005170017
201005180002
201005180004
201005180005
201005180006
201005180007
201005180008
201005180009
201005180010
201005180011
201005180013
201005180014
201005180015
201005180016
201005180017
201005180019
201005180020
201005190001
201005190002
201005190003
201005190006
201005190007
201005190008
201005190009
201005190010
201005190011
201005190012
201005190013
201005190014
201005190015
201005190017
201005190018
201005190019  201005190020  201005190021  201005190022  201005190023  201005190024  201005190025  201005190026  201005190027
201005190020  201005190019  201005190021  201005190022  201005190023  201005190024  201005190025  201005190026  201005190027
201005190021  201005190019  201005190020  201005190022  201005190023  201005190024  201005190025  201005190026  201005190027
201005190022  201005190019  201005190020  201005190021  201005190023  201005190024  201005190025  201005190026  201005190027
201005190023  201005190019  201005190020  201005190021  201005190022  201005190024  201005190025  201005190026  201005190027
201005190024  201005190019  201005190020  201005190021  201005190022  201005190023  201005190025  201005190026  201005190027
201005190025  201005190019  201005190020  201005190021  201005190022  201005190023  201005190024  201005190026  201005190027
201005190026  201005190019  201005190020  201005190021  201005190022  201005190023  201005190024  201005190025  201005190027
201005190027  201005190019  201005190020  201005190021  201005190022  201005190023  201005190024  201005190025  201005190026
201005190028
201005190029
201005190043  201005190044  201005190045  201005190046  201005190048
201005190044  201005190043  201005190045  201005190046  201005190048
201005190045  201005190043  201005190044  201005190046  201005190048
201005190046  201005190043  201005190044  201005190045  201005190048
201005190048  201005190043  201005190044  201005190045  201005190046
201005190051
201005190052
201005200002
201005200004
201005200006
201005200007
201005200008
201005200012
201005200013
201005200014
201005200015  201005200016  201005200017
201005200016  201005200015  201005200017
201005200017  201005200015  201005200016
201005200018
201005200019
201005200022
201005200023
201005200029
201005200030
201005200031
201005200033
201005210001
201005210002
201005210007
201005210008
201005210009
201005210010
201005210011
201005210012
201005210013  201005210014  201005210015  201005210016  201005210017
201005210014  201005210013  201005210015  201005210016  201005210017
201005210015  201005210013  201005210014  201005210016  201005210017
201005210016  201005210013  201005210014  201005210015  201005210017
201005210017  201005210013  201005210014  201005210015  201005210016
201005210018
201005210019
201005220001
201005220002
201005220003
201005220004
201005220005
201005220006
201005220007
201005220008
201005220009
201005220010
201005220016
201005220017
201005220018
201005220020
201005220022
201005220025
201005230002
201005230003
201005230004
201005230005
201005230006
201005230007
201005230009  201005230010  201005230011
201005230010  201005230009  201005230011
201005230011  201005230009  201005230010
201005230015
201005230016
201005230019
201005240001
201005240002
201005240005
201005240006
201005240009
201005240012
201005240013
201005240014
201005240015
201005240017
201005250001
201005250003
201005250004
201005250005
201005250007
201005250008
201005250009
201005250010  201005250011
201005250011  201005250010
201005250012
201005250016
201005250019
201005250020
201005250021
201005250022
201005260001
201005260002
201005260003
201005260004
201005260005
201005260006
201005260007
201005260008
201005260009
201005260010
201005260011
201005260013
201005260014
201005270001
201005270002
201005270003
201005270004
201005270005  201005270006  201005270007
201005270006  201005270005  201005270007
201005270007  201005270005  201005270006
201005270008
201005270009
201005270011
201005270012
201005270015
201005270016
201005270017
201005270018
201005270019
201005270020
201005270021  201005270022
201005270022  201005270021
201005270023
201005270025
201005270026
201005270027
201005270028
201005270029
201005280001  201005280002  201005280003
201005280002  201005280001  201005280003
201005280003  201005280001  201005280002
201005280004
201005280005
201005280007
201005280008
201005290002
201005290003
201005290004
201005290006
201005290009
201005290010
201005290011
201005290012
201005290013
201005290015
201005300003
201005300006
201005300007
201005300011  201005300012
201005300012  201005300011
201005300013
201005310004
201005310008
201005310009
201005310010
201005310011
201005310012
201005310014
201005310015
201006010002
201006010006  201006010007
201006010007  201006010006
201006010008
201006010010
201006010011
201006010012
201006010013  201006010014
201006010014  201006010013
201006010015
201006010018
201006010019  201006010020
201006010020  201006010019
201006010021
201006010022
201006010025
201006020006
201006020007
201006020010
201006020011  201006020012
201006020012  201006020011
201006030001
201006030002
201006030003
201006030004
201006030005
201006030010
201006030011
201006030014
201006040003
201006040004
201006040008
201006040011
201006040012
201006040013
201006050001
201006050002
201006050003
201006050006
201006050009
201006050010
201006050011
201006050012
201006050013
201006050014
201006050016
201006060002
201006060005
201006060006
201006060007
201006060008
201006060009
201006060010
201006060011
201006060012
201006060013
201006070001  201006070002  201006070003  201006070004
201006070002  201006070001  201006070003  201006070004
201006070003  201006070001  201006070002  201006070004
201006070004  201006070001  201006070002  201006070003
201006070005
201006070006
201006070007
201006070008
201006070009
201006070011
201006070012
201006070013
201006070016
201006070031
201006080001
201006080003
201006080004
201006080005
201006080006
201006080008
201006080013
201006080014
201006080015
201006080016
201006080017
201006080018
201006080019
201006080020
201006080021
201006080022
201006080023
201006090001
201006090002
201006090003
201006090005
201006090006
201006090009
201006100001
201006100004
201006100005
201006100006
201006100008
201006100009
201006100010
201006100011
201006110001
201006110002
201006110003
201006110004
201006110005
201006110006
201006110007
201006110008
201006110009
201006110012
201006120002
201006120003
201006120005
201006120006
201006120009  201006120010  201006120011  201006120012  201006120013  201006120014  201006120015  201006120016  201006120017  201006120018
201006120010  201006120009  201006120011  201006120012  201006120013  201006120014  201006120015  201006120016  201006120017  201006120018
201006120011  201006120009  201006120010  201006120012  201006120013  201006120014  201006120015  201006120016  201006120017  201006120018
201006120012  201006120009  201006120010  201006120011  201006120013  201006120014  201006120015  201006120016  201006120017  201006120018
201006120013  201006120009  201006120010  201006120011  201006120012  201006120014  201006120015  201006120016  201006120017  201006120018
201006120014  201006120009  201006120010  201006120011  201006120012  201006120013  201006120015  201006120016  201006120017  201006120018
201006120015  201006120009  201006120010  201006120011  201006120012  201006120013  201006120014  201006120016  201006120017  201006120018
201006120016  201006120009  201006120010  201006120011  201006120012  201006120013  201006120014  201006120015  201006120017  201006120018
201006120017  201006120009  201006120010  201006120011  201006120012  201006120013  201006120014  201006120015  201006120016  201006120018
201006120018  201006120009  201006120010  201006120011  201006120012  201006120013  201006120014  201006120015  201006120016  201006120017
201006120019
201006120020
201006120021
201006120022
201006120023
201006120024
201006120026
201006120027
201006120028
201006120029
201006120031  201006120032  201006120033  201006120034
201006120032  201006120031  201006120033  201006120034
201006120033  201006120031  201006120032  201006120034
201006120034  201006120031  201006120032  201006120033
201006130001
201006130004
201006130005
201006130006
201006130007
201006130008
201006130009
201006130010
201006130011
201006130014  201006130016
201006130015
201006130016  201006130014
201006140002
201006140008
201006140009
201006140010
201006140011
201006140021
201006140022
201006140023
201006140025
201006140027
201006140028
201006140029
201006140030
201006140031
201006150002
201006150004
201006150006
201006150007
201006150008
201006150010
201006150014
201006160003
201006160007
201006160011
201006160012
201006160014
201006160016
201006160017
201006160021  201006160022  201006160023
201006160022  201006160021  201006160023
201006160023  201006160021  201006160022
201006160024
201006160026
201006170001
201006170002  201006170003
201006170003  201006170002
201006170004
201006170005
201006170006
201006170009
201006170011
201006170012
201006170013
201006170018
201006170020
201006180001
201006180003
201006180004
201006180005
201006180007
201006180008
201006180011
201006180012  201006180013
201006180013  201006180012
201006180014
201006180015
201006180016
201006190001
201006190002
201006190003  201006190004  201006190005  201006190006  201006190007
201006190004  201006190003  201006190005  201006190006  201006190007
201006190005  201006190003  201006190004  201006190006  201006190007
201006190006  201006190003  201006190004  201006190005  201006190007
201006190007  201006190003  201006190004  201006190005  201006190006
201006190009
201006190010
201006190011
201006190013
201006190014  201006190015  201006200004
201006190015  201006190014  201006200004
201006190016
201006190017
201006190018
201006190019
201006200004  201006190014  201006190015
201006200007
201006200010
201006200011  201006200012
201006200012  201006200011
201006200013
201006200014
201006200015
201006200016
201006200018
201006200019
201006210002
201006210003
201006210004
201006210005
201006210006
201006210007
201006210008
201006210011
201006220012
201006220015
201006220016
201006220017
201006220018  201006220019
201006220019  201006220018
201006220020
201006220022
201006220024
201006220025
201006220026
201006220027
201006220028
201006220029
201006220030
201006220031
201006230001
201006230002
201006230003
201006230004  201006230005
201006230005  201006230004
201006230006
201006230008
201006230009
201006230012
201006230013
201006230014
201006230016
201006230017
201006230019
201006240001
201006240002
201006240003
201006240004
201006240005
201006240008
201006240011
201006240012
201006240013
201006240015
201006240016
201006240017
201006240018
201006240019
201006240020
201006250001
201006250002
201006250003
201006250004  201006250005  201006250006
201006250005  201006250004  201006250006
201006250006  201006250004  201006250005
201006250011
201006250012
201006250013
201006250014
201006260001
201006260007  201006260008
201006260008  201006260007
201006260009
201006260010
201006260011
201006260012
201006260013
201006260017
201006260018
201006260019
201006260020
201006260021
201006260022
201006260024
201006270001
201006270002
201006270004
201006270005
201006270006
201006270007
201006270008
201006270009
201006270010
201006270012
201006270013
201006270016
201006270017  201006270021
201006270018
201006270020
201006270021  201006270017
201006270023
201006270024
201006270025
201006270026
201006280001
201006280002
201006280004
201006280005
201006280007  201006280008  201006280009
201006280011
201006280014
201006280015
201006280016
201006280017
201006280018
201006280019
201006280020
201006280021
201006280022
201006280023
201006290001
201006290002
201006290003
201006290005
201006290007
201006290008
201006290009
201006290010
201006290012
201006290013
201006300001
201006300002
201006300003
201006300004
201006300005
201006300007
201006300009
201006300010
201006300011
201006300013
201006300014
201006300015
201006300016
201006300017
201006300018
201006300020
201007010001
201007010002
201007010003
201007010004
201007010005
201007010006
201007010007
201007010009
201007010010
201007010011
201007010013
201007010014
201007010015
201007010016
201007010017  201007010018
201007010018  201007010017
201007010021
201007010023
201007010024
201007010025
201007020003
201007020004
201007020005
201007020006
201007020007
201007020008
201007020009
201007020010
201007020011
201007030001  201007030002
201007030002  201007030001
201007030003
201007030004
201007030006
201007030008
201007030009
201007040001
201007040002
201007040003
201007040004
201007040005
201007040006
201007040007
201007040008
201007040010
201007040011
201007040012
201007040013
201007040014
201007050001  201007050002
201007050002  201007050001
201007050003
201007050004
201007050005
201007050006
201007050007
201007050008
201007050009
201007050013
201007060001
201007060002
201007060003  201007060004  201007060005
201007060004  201007060003  201007060005
201007060005  201007060003  201007060004
201007060006
201007060007
201007060008
201007060009
201007060010
201007060011
201007060012
201007070001
201007070002  201007070003  201007070004  201007070005  201007070006
201007070003  201007070002  201007070004  201007070005  201007070006
201007070004  201007070002  201007070003  201007070005  201007070006
201007070005  201007070002  201007070003  201007070004  201007070006
201007070006  201007070002  201007070003  201007070004  201007070005
201007070007  201007070008
201007070008  201007070007
201007070009
201007070010
201007070011
201007070012
201007070013
201007070014
201007070015
201007070016
201007070017
201007070018
201007070020
201007070021  201007070022
201007070022  201007070021
201007070023
201007070025
201007070026
201007080001
201007080002
201007080004
201007080005  201007090003
201007080006
201007080007  201007080008
201007080008  201007080007
201007080009
201007080010
201007080011
201007080012  201007080013  201007080014
201007080013  201007080012  201007080014
201007080014  201007080012  201007080013
201007080015
201007080016
201007080017
201007080018
201007080019
201007080020
201007080021
201007080022
201007080023  201007080024
201007080024  201007080023
201007080025
201007090001
201007090002
201007090003  201007080005
201007090004  201007110029
201007090005
201007090006
201007100001
201007100002
201007100003
201007100004
201007100005
201007100006
201007100007
201007100008
201007100010
201007100011
201007100012
201007100013
201007100014
201007100015
201007110001
201007110002
201007110003
201007110004
201007110006
201007110007  201007110008
201007110008  201007110007
201007110009
201007110011
201007110012
201007110013  201007110017
201007110014
201007110015
201007110016
201007110017  201007110013
201007110020
201007110021
201007110023
201007110024
201007110025
201007110026
201007110027
201007110028
201007110029  201007090004
201007120001
201007120003
201007120005
201007120006
201007120007
201007120008
201007120009
201007120010
201007120011
201007120012
201007120013
201007120015
201007120016
201007120017
201007120018
201007120019
201007130001
201007130005
201007130006  201007130007
201007130007  201007130006
201007130008  201007130009  201007130010  201007130011  201007130012  201007130013
201007130009  201007130008  201007130010  201007130011  201007130012  201007130013
201007130010  201007130008  201007130009  201007130011  201007130012  201007130013
201007130011  201007130008  201007130009  201007130010  201007130012  201007130013
201007130012  201007130008  201007130009  201007130010  201007130011  201007130013
201007130013  201007130008  201007130009  201007130010  201007130011  201007130012
201007130015
201007130016
201007130017
201007130018
201007140001
201007140002
201007140003
201007140005
201007140006
201007140007  201007140008
201007140008  201007140007
201007140009
201007140010
201007140012
201007140013
201007140014
201007140015
201007140018
201007140020
201007140021
201007140022
201007150001
201007150002
201007150003
201007150004
201007150005
201007150006
201007150007
201007150008
201007150009
201007150010
201007150011
201007150012
201007150013
201007150014
201007150016
201007150017
201007150018
201007160001
201007160002
201007160003
201007160004
201007160005
201007160006
201007160007
201007160008
201007160010
201007160012
201007160013
201007160014
201007170001
201007170002
201007170003
201007170004
201007170005
201007170006
201007170007
201007170009
201007170010
201007170011  201007170012
201007170012  201007170011
201007170013
201007180001
201007180002
201007180003
201007180004
201007180005
201007180006
201007180007
201007180008
201007180009
201007180010
201007180011
201007180012
201007180013
201007180014
201007180015
201007180016
201007190001
201007190004
201007190005
201007190006
201007190007
201007190008
201007190009
201007190011  201007190012
201007190012  201007190011
201007190013
201007190014
201007190015
201007200002
201007200003
201007200004
201007200005
201007200006
201007200007
201007200008
201007200009
201007200010
201007200011
201007200012
201007200013
201007200014
201007200015
201007210001
201007210002
201007210003
201007210004
201007210005
201007210006
201007210007
201007210008
201007210010
201007210011
201007210012
201007210013
201007210015
201007220001
201007220002
201007220003
201007220004
201007220005
201007220006
201007220007
201007220009
201007220011
201007220013
201007230001
201007230003
201007230004
201007230006
201007230007
201007230008
201007230009
201007230010
201007230011
201007230012
201007230013
201007230014
201007230015
201007230016
201007240001
201007240002
201007240003
201007240004
201007240005
201007240006
201007240007
201007240008
201007240009
201007250001  201007250002
201007250002  201007250001
201007250003
201007250004
201007250005
201007250006
201007250008
201007250009
201007250010
201007250011
201007250012
201007250013
201007260001
201007260002
201007260003
201007260005
201007260006
201007260007
201007260010
201007260012
201007260013
201007260014
201007260015
201007270001
201007270002
201007270003
201007270004
201007270005
201007270008
201007270009
201007270010
201007270011
201007270012
201007270013
201007280001
201007280002
201007280003
201007280004
201007280005
201007280006
201007280007
201007280008
201007280009
201007290001
201007290002
201007290003
201007290004
201007290005  201007290006
201007290006  201007290005
201007290007
201007290008
201007290009
201007290011
201007290012
201007290013
201007300001
201007300002
201007300003
201007300005
201007300007
201007300008
201007300009
201007300010
201007310001
201007310002
201007310004
201007310005
201007310006
201007310009
201007310010
201007310011
201007310012
201008010001
201008010002
201008010003
201008010004
201008010007
201008010008
201008020001
201008020002
201008020003
201008020004
201008020005
201008020006
201008020007
201008020008
201008020009
201008020010
201008020011
201008020012
201008020013
201008020014
201008020015
201008030001
201008030002
201008030003
201008030004
201008030005
201008030006
201008030007
201008030008
201008030009
201008030011
201008030012
201008030013
201008040002
201008040003
201008040004
201008040005
201008040006
201008040007
201008040008
201008040010
201008040011
201008040012
201008040013
201008040014
201008050001
201008050002
201008050003
201008050004
201008050005
201008050006
201008050007
201008050008
201008050009
201008050010
201008050011
201008050012
201008050013
201008050014
201008050016
201008050017
201008050018
201008050019
201008050020
201008060001
201008060002
201008060003
201008060004
201008060005
201008060006
201008060007
201008070002  201008070003  201008070004
201008070003  201008070002  201008070004
201008070004  201008070002  201008070003
201008070005
201008070006
201008070007
201008070008
201008070009
201008070010
201008070011
201008070012
201008070014
201008070015
201008070017
201008070018  201008110012
201008070019
201008070021
201008070022
201008080001
201008080002
201008080003
201008080004
201008080005
201008080007
201008080008
201008080010
201008080011
201008080012  201008080013  201008080014  201008080015
201008080013  201008080012  201008080014  201008080015
201008080014  201008080012  201008080013  201008080015
201008080015  201008080012  201008080013  201008080014
201008080016
201008080017
201008080018
201008080019
201008080020
201008080021
201008080022
201008080023
201008080024
201008080025
201008090001
201008090002
201008090004
201008090005
201008090007
201008090008
201008090009
201008090010
201008090011
201008090012
201008100001
201008100002
201008100003
201008100006
201008100007
201008100008
201008100009
201008100010
201008100011
201008100012
201008100013
201008100014
201008100015
201008110001
201008110002
201008110003
201008110004
201008110005
201008110006
201008110008
201008110009
201008110011
201008110012  201008070018
201008120001
201008120004
201008120005
201008120006
201008120007
201008120008
201008120009
201008120010
201008120011
201008130001  201008130002
201008130002  201008130001
201008130003
201008130004
201008130005
201008130006
201008130007
201008130008
201008130009
201008130011
201008130014
201008130015
201008130016
201008140001
201008140003
201008140005
201008140006
201008140007
201008140008
201008140009
201008140010
201008140011
201008150001
201008150002
201008150003
201008150004
201008150005
201008150006
201008150007
201008150008
201008150009
201008150010
201008150011
201008150012
201008150013
201008150015
201008150016
201008160001
201008160002
201008160003
201008160005
201008160006
201008160007
201008160008
201008160010
201008160011
201008160012
201008160013
201008160015
201008170001
201008170002
201008170003
201008170004
201008170005
201008170006
201008170007
201008170009
201008170010
201008170012
201008170013
201008170014
201008170015
201008170016  201008170017
201008170017  201008170016
201008170018
201008170019  201008170020
201008170020  201008170019
201008180002
201008180003
201008180004
201008180005
201008180006
201008180007
201008180008
201008180009
201008180012
201008180013
201008180014
201008180015
201008180016
201008190001
201008190002
201008190003
201008190004
201008190005
201008190007
201008190008
201008190009
201008190010
201008190011
201008190012
201008190013
201008200001
201008200003
201008210001
201008210002
201008210003
201008210004
201008210005
201008210006
201008210007
201008210008
201008210009
201008210010
201008210011
201008210012
201008210013
201008210014
201008220001
201008220002
201008220004
201008220005
201008220006  201008220007
201008220007  201008220006
201008220008
201008220009
201008220010
201008220011
201008220012
201008220013
201008220014
201008220015
201008220016
201008220017
201008220018
201008220019
201008230001
201008230002
201008230003
201008230004
201008230006  201008230007
201008230007  201008230006
201008230008
201008230009
201008230010
201008230011
201008230012
201008230013
201008230014
201008230015
201008230016
201008230017
201008240002
201008240003
201008240004
201008240006
201008240007
201008240008
201008240009
201008240010
201008240011
201008240012
201008240014
201008240015
201008240016
201008240017
201008240018
201008250001
201008250002
201008250003
201008250004
201008250005
201008250007
201008250008
201008250010
201008250011
201008250012
201008250013
201008250014
201008250015
201008250016
201008250017  201008250019  201008250020  201008250022  201008250023  201008250024  201008250025  201008250026  201008250027  201008250028  201008250029  201008250030  201008250031  201008250032  201008250033  201008250034  201008250035  201008250036  201008250037  201008250038  201008250039  201008250040  201008250041  201008250042 and 201008250043
201008250017  201008250019  201008250020  201008250022  201008250023  201008250024  201008250025  201008250026  201008250027  201008250028  201008250029  201008250030  201008250031  201008250032  201008250033  201008250034  201008250035  201008250036  201008250037  201008250038  201008250039  201008250040  201008250041  201008250042 and 201008250043
201008250017  201008250019  201008250020  201008250022  201008250023  201008250024  201008250025  201008250026  201008250027  201008250028  201008250029  201008250030  201008250031  201008250032  201008250033  201008250034  201008250035  201008250036  201008250037  201008250038  201008250039  201008250040  201008250041  201008250042 and 201008250043
201008250017  201008250019  201008250020  201008250022  201008250023  201008250024  201008250025  201008250026  201008250027  201008250028  201008250029  201008250030  201008250031  201008250032  201008250033  201008250034  201008250035  201008250036  201008250037  201008250038  201008250039  201008250040  201008250041  201008250042 and 201008250043
201008250017  201008250019  201008250020  201008250022  201008250023  201008250024  201008250025  201008250026  201008250027  201008250028  201008250029  201008250030  201008250031  201008250032  201008250033  201008250034  201008250035  201008250036  201008250037  201008250038  201008250039  201008250040  201008250041  201008250042 and 201008250043
201008250017  201008250019  201008250020  201008250022  201008250023  201008250024  201008250025  201008250026  201008250027  201008250028  201008250029  201008250030  201008250031  201008250032  201008250033  201008250034  201008250035  201008250036  201008250037  201008250038  201008250039  201008250040  201008250041  201008250042 and 201008250043
201008250017  201008250019  201008250020  201008250022  201008250023  201008250024  201008250025  201008250026  201008250027  201008250028  201008250029  201008250030  201008250031  201008250032  201008250033  201008250034  201008250035  201008250036  201008250037  201008250038  201008250039  201008250040  201008250041  201008250042 and 201008250043
201008250017  201008250019  201008250020  201008250022  201008250023  201008250024  201008250025  201008250026  201008250027  201008250028  201008250029  201008250030  201008250031  201008250032  201008250033  201008250034  201008250035  201008250036  201008250037  201008250038  201008250039  201008250040  201008250041  201008250042 and 201008250043
201008250017  201008250019  201008250020  201008250022  201008250023  201008250024  201008250025  201008250026  201008250027  201008250028  201008250029  201008250030  201008250031  201008250032  201008250033  201008250034  201008250035  201008250036  201008250037  201008250038  201008250039  201008250040  201008250041  201008250042 and 201008250043
201008250017  201008250019  201008250020  201008250022  201008250023  201008250024  201008250025  201008250026  201008250027  201008250028  201008250029  201008250030  201008250031  201008250032  201008250033  201008250034  201008250035  201008250036  201008250037  201008250038  201008250039  201008250040  201008250041  201008250042 and 201008250043
201008250017  201008250019  201008250020  201008250022  201008250023  201008250024  201008250025  201008250026  201008250027  201008250028  201008250029  201008250030  201008250031  201008250032  201008250033  201008250034  201008250035  201008250036  201008250037  201008250038  201008250039  201008250040  201008250041  201008250042 and 201008250043
201008250017  201008250019  201008250020  201008250022  201008250023  201008250024  201008250025  201008250026  201008250027  201008250028  201008250029  201008250030  201008250031  201008250032  201008250033  201008250034  201008250035  201008250036  201008250037  201008250038  201008250039  201008250040  201008250041  201008250042 and 201008250043
201008250017  201008250019  201008250020  201008250022  201008250023  201008250024  201008250025  201008250026  201008250027  201008250028  201008250029  201008250030  201008250031  201008250032  201008250033  201008250034  201008250035  201008250036  201008250037  201008250038  201008250039  201008250040  201008250041  201008250042 and 201008250043
201008250017  201008250019  201008250020  201008250022  201008250023  201008250024  201008250025  201008250026  201008250027  201008250028  201008250029  201008250030  201008250031  201008250032  201008250033  201008250034  201008250035  201008250036  201008250037  201008250038  201008250039  201008250040  201008250041  201008250042 and 201008250043
201008250017  201008250019  201008250020  201008250022  201008250023  201008250024  201008250025  201008250026  201008250027  201008250028  201008250029  201008250030  201008250031  201008250032  201008250033  201008250034  201008250035  201008250036  201008250037  201008250038  201008250039  201008250040  201008250041  201008250042 and 201008250043
201008250017  201008250019  201008250020  201008250022  201008250023  201008250024  201008250025  201008250026  201008250027  201008250028  201008250029  201008250030  201008250031  201008250032  201008250033  201008250034  201008250035  201008250036  201008250037  201008250038  201008250039  201008250040  201008250041  201008250042 and 201008250043
201008250017  201008250019  201008250020  201008250022  201008250023  201008250024  201008250025  201008250026  201008250027  201008250028  201008250029  201008250030  201008250031  201008250032  201008250033  201008250034  201008250035  201008250036  201008250037  201008250038  201008250039  201008250040  201008250041  201008250042 and 201008250043
201008250017  201008250019  201008250020  201008250022  201008250023  201008250024  201008250025  201008250026  201008250027  201008250028  201008250029  201008250030  201008250031  201008250032  201008250033  201008250034  201008250035  201008250036  201008250037  201008250038  201008250039  201008250040  201008250041  201008250042 and 201008250043
201008250017  201008250019  201008250020  201008250022  201008250023  201008250024  201008250025  201008250026  201008250027  201008250028  201008250029  201008250030  201008250031  201008250032  201008250033  201008250034  201008250035  201008250036  201008250037  201008250038  201008250039  201008250040  201008250041  201008250042 and 201008250043
201008250017  201008250019  201008250020  201008250022  201008250023  201008250024  201008250025  201008250026  201008250027  201008250028  201008250029  201008250030  201008250031  201008250032  201008250033  201008250034  201008250035  201008250036  201008250037  201008250038  201008250039  201008250040  201008250041  201008250042 and 201008250043
201008250017  201008250019  201008250020  201008250022  201008250023  201008250024  201008250025  201008250026  201008250027  201008250028  201008250029  201008250030  201008250031  201008250032  201008250033  201008250034  201008250035  201008250036  201008250037  201008250038  201008250039  201008250040  201008250041  201008250042 and 201008250043
201008250017  201008250019  201008250020  201008250022  201008250023  201008250024  201008250025  201008250026  201008250027  201008250028  201008250029  201008250030  201008250031  201008250032  201008250033  201008250034  201008250035  201008250036  201008250037  201008250038  201008250039  201008250040  201008250041  201008250042 and 201008250043
201008250017  201008250019  201008250020  201008250022  201008250023  201008250024  201008250025  201008250026  201008250027  201008250028  201008250029  201008250030  201008250031  201008250032  201008250033  201008250034  201008250035  201008250036  201008250037  201008250038  201008250039  201008250040  201008250041  201008250042 and 201008250043
201008250017  201008250019  201008250020  201008250022  201008250023  201008250024  201008250025  201008250026  201008250027  201008250028  201008250029  201008250030  201008250031  201008250032  201008250033  201008250034  201008250035  201008250036  201008250037  201008250038  201008250039  201008250040  201008250041  201008250042 and 201008250043
201008250017  201008250019  201008250020  201008250022  201008250023  201008250024  201008250025  201008250026  201008250027  201008250028  201008250029  201008250030  201008250031  201008250032  201008250033  201008250034  201008250035  201008250036  201008250037  201008250038  201008250039  201008250040  201008250041  201008250042 and 201008250043
201008260001
201008260002
201008260003
201008260004
201008260005
201008260006
201008260007
201008260008
201008260009
201008260011
201008260012
201008260013
201008260014
201008270001
201008270002
201008270004
201008270005
201008270006
201008270007
201008270008  201008270009
201008270009  201008270008
201008280001
201008280002
201008280003
201008280005
201008280007
201008280008
201008280009
201008280010
201008290001
201008290002
201008290003
201008290004
201008290006
201008290007
201008290008
201008290009
201008290010
201008300001
201008300002
201008300003
201008300004
201008300005
201008300006
201008300007
201008300008
201008300009
201008300010
201008310001
201008310002
201008310003
201008310004
201008310006
201008310007
201008310008
201008310009
201008310010
201008310011
201008310013
201009010001
201009010002
201009010003
201009010004
201009010005
201009010006
201009010008
201009010009
201009010010
201009010012
201009010013
201009010014
201009010015
201009010016
201009010017
201009010019
201009010020
201009010022
201009010023
201009020001
201009020002
201009020003
201009020010
201009020011
201009020012
201009020013
201009020015
201009020016
201009020017
201009020020
201009020021
201009020022
201009020023
201009020024
201009020025
201009030001
201009030002
201009030003
201009030004
201009030007
201009030010
201009030012
201009030013
201009030014
201009030015
201009030016
201009040001
201009040004
201009040005
201009040006
201009040007
201009040009
201009040010
201009040011
201009040012
201009040013
201009040014
201009040016
201009040018  201009040019
201009040019  201009040018
201009040020
201009040022
201009040023
201009040024
201009050001
201009050002
201009050003
201009050004
201009050005
201009050006
201009050007
201009050008
201009050009
201009050010
201009050011
201009050012
201009050013
201009050014
201009050017
201009050018  201009050019
201009050019  201009050018
201009050020
201009050022
201009050024  201009050025  201009050026  201009050027  201009050028  201009050029  201009050030  201009050031  201009050032  201009050033  201009050034  201009050035  201009050036  201009050037  201009050038
201009050025  201009050024  201009050026  201009050027  201009050028  201009050029  201009050030  201009050031  201009050032  201009050033  201009050034  201009050035  201009050036  201009050037  201009050038
201009050026  201009050024  201009050025  201009050027  201009050028  201009050029  201009050030  201009050031  201009050032  201009050033  201009050034  201009050035  201009050036  201009050037  201009050038
201009050027  201009050024  201009050025  201009050026  201009050028  201009050029  201009050030  201009050031  201009050032  201009050033  201009050034  201009050035  201009050036  201009050037  201009050038
201009050028  201009050024  201009050025  201009050026  201009050027  201009050029  201009050030  201009050031  201009050032  201009050033  201009050034  201009050035  201009050036  201009050037  201009050038
201009050029  201009050024  201009050025  201009050026  201009050027  201009050028  201009050030  201009050031  201009050032  201009050033  201009050034  201009050035  201009050036  201009050037  201009050038
201009050030  201009050024  201009050025  201009050026  201009050027  201009050028  201009050029  201009050031  201009050032  201009050033  201009050034  201009050035  201009050036  201009050037  201009050038
201009050031  201009050024  201009050025  201009050026  201009050027  201009050028  201009050029  201009050030  201009050032  201009050033  201009050034  201009050035  201009050036  201009050037  201009050038
201009050032  201009050024  201009050025  201009050026  201009050027  201009050028  201009050029  201009050030  201009050031  201009050033  201009050034  201009050035  201009050036  201009050037  201009050038
201009050033  201009050024  201009050025  201009050026  201009050027  201009050028  201009050029  201009050030  201009050031  201009050032  201009050034  201009050035  201009050036  201009050037  201009050038
201009050034  201009050024  201009050025  201009050026  201009050027  201009050028  201009050029  201009050030  201009050031  201009050032  201009050033  201009050035  201009050036  201009050037  201009050038
201009050035  201009050024  201009050025  201009050026  201009050027  201009050028  201009050029  201009050030  201009050031  201009050032  201009050033  201009050034  201009050036  201009050037  201009050038
201009050036  201009050024  201009050025  201009050026  201009050027  201009050028  201009050029  201009050030  201009050031  201009050032  201009050033  201009050034  201009050035  201009050037  201009050038
201009050037  201009050024  201009050025  201009050026  201009050027  201009050028  201009050029  201009050030  201009050031  201009050032  201009050033  201009050034  201009050035  201009050036  201009050038
201009050038  201009050024  201009050025  201009050026  201009050027  201009050028  201009050029  201009050030  201009050031  201009050032  201009050033  201009050034  201009050035  201009050036  201009050037
201009060001
201009060003
201009060005
201009060006
201009060007
201009060008
201009060009
201009060010
201009060011
201009060012
201009060013
201009060014
201009060015
201009060016
201009060018
201009060019
201009060021
201009060023
201009070001
201009070002
201009070003
201009070004
201009070005
201009070006
201009070007
201009070008
201009070009
201009070010
201009070012
201009070013
201009070017
201009070018  201009070019
201009070019  201009070018
201009070020
201009070021
201009070022
201009070023
201009070025
201009070027
201009070028
201009080002
201009080003
201009080004
201009080005
201009080008
201009080010
201009080011
201009080012
201009080013
201009080014
201009080015
201009080016
201009080017
201009080019
201009080020
201009080021
201009080022
201009090001
201009090003
201009090004
201009090005
201009090007
201009090008
201009090009
201009090010
201009090011
201009090012
201009090014
201009090015
201009090016
201009090017
201009090022
201009090023
201009090024
201009090026
201009090027
201009100005
201009100006
201009100007
201009100008
201009100009
201009100011
201009110001
201009110003
201009110005
201009110008
201009110009
201009110010
201009110011
201009120001
201009120002
201009120003
201009120004
201009120005
201009120006
201009120007
201009120008
201009120009
201009120010
201009120011
201009130001
201009130003
201009130004
201009130005
201009130006
201009130008
201009130011
201009130012
201009130013
201009130015
201009130019
201009130020
201009130022
201009140002
201009140003
201009140004
201009140005
201009140006
201009140007
201009140009
201009140010  201009140011
201009140011  201009140010
201009140012
201009140013
201009140014
201009140015
201009140016
201009140017
201009140018
201009140019
201009150003
201009150004
201009150005
201009150007
201009150008
201009150009
201009150010
201009150011
201009150012
201009150013
201009150014  201009150015
201009150015  201009150014
201009150016
201009150019
201009150021
201009150022
201009150024
201009150025
201009160001
201009160002
201009160003
201009160004
201009160005
201009160006
201009160007
201009160008
201009160009
201009160010  201009160011
201009160011  201009160010
201009160012
201009160014
201009160018
201009160019
201009160020
201009160021
201009160022
201009160023  201009160024  201009160025
201009160024  201009160023  201009160025
201009160025  201009160023  201009160024
201009160028
201009160029
201009160031
201009170001
201009170002
201009170003
201009170004
201009170007
201009170008
201009170009
201009180001
201009180002
201009180004
201009180005
201009180006
201009180007
201009180008
201009180009
201009180010
201009180011
201009180012
201009180013
201009180014
201009180015
201009180016
201009180017
201009180018
201009180019
201009180020
201009180021
201009180022
201009180023
201009180024
201009180025
201009180026
201009180027
201009180028
201009180029
201009180030
201009180031
201009180032
201009180034
201009180035
201009180036
201009180037
201009180038
201009180040
201009180041
201009180042
201009180044
201009180045
201009180046
201009180047
201009180048
201009180049
201009180050
201009180053
201009180055
201009180056
201009180058
201009180061
201009180062
201009180063
201009180064
201009180066
201009180070
201009180076
201009180078
201009180080
201009180082
201009180083
201009180084
201009180085
201009180087
201009180088
201009180090
201009180091
201009180092
201009180094
201009180095
201009180096
201009180097
201009190002
201009190003
201009190004
201009190006
201009190007
201009190008
201009190009
201009190010
201009190011
201009190012
201009190014
201009190015
201009190016
201009190017
201009190018
201009190019
201009190020
201009190021
201009190023
201009190024
201009190025
201009190026
201009190027
201009190028
201009190029
201009190030
201009200001
201009200002
201009200005
201009200007
201009200008
201009200009
201009200010  201009200011  201009200012
201009200011  201009200010  201009200012
201009200012  201009200010  201009200011
201009200013
201009200014
201009200015
201009200016
201009200017
201009200019
201009200020
201009210001
201009210003
201009210004
201009210006
201009210007
201009210008
201009210009
201009210010
201009210011
201009210012
201009210014
201009210015
201009210016
201009210018
201009210019
201009220004  201009220005
201009220005  201009220004
201009220007
201009220008
201009220009
201009220010
201009220011
201009220012  201009220013
201009220013  201009220012
201009220014  201009220015
201009220015  201009220014
201009220017
201009220019
201009220020
201009220021
201009220023
201009220024
201009220025
201009220026
201009220027
201009230001
201009230002
201009230003
201009230004
201009230005
201009230007
201009230008
201009230009
201009230010
201009230011
201009230012
201009230014
201009240001
201009240002  201009240003
201009240003  201009240002
201009240005
201009240007
201009240008
201009240009
201009240010
201009240011
201009240012
201009240016
201009240017
201009250001
201009250002
201009250003
201009250004
201009250005
201009250006
201009250007
201009250008
201009250011
201009250013
201009260002
201009260003
201009260004
201009260005
201009260006
201009260007
201009260008
201009260009
201009260010
201009260011
201009260012
201009260013
201009260014
201009260015
201009260016
201009260018
201009260019
201009260021
201009260023
201009260026
201009260029
201009260030
201009270003  201009270004
201009270004  201009270003
201009270006
201009270007
201009270009
201009270010
201009270011
201009270013
201009280002
201009280003
201009280004
201009280005
201009280006
201009280007
201009280008
201009280009
201009280013
201009290002
201009290003
201009290005
201009290006
201009290008
201009290009
201009290010
201009290011
201009290012
201009290013
201009290014
201009290015
201009290016
201009300001
201009300005
201009300006
201009300007
201009300008
201009300009
201009300010
201009300011
201009300012
201009300013
201009300014
201009300015
201009300016
201009300017
201009300018
201010000001
201010000002
201010010001  201010010002
201010010002  201010010001
201010010003
201010010004
201010010005
201010010006
201010010007
201010010008
201010010009
201010010010
201010020003
201010020004
201010020006
201010020007
201010020008
201010020009
201010020010
201010020014
201010030003
201010030004
201010030005
201010030006
201010030008
201010030009
201010030010
201010030011
201010030012
201010030013
201010030014
201010030015
201010030016
201010030017
201010030019
201010030020
201010040001
201010040002
201010040003
201010040004
201010040006
201010040007
201010040008
201010040009
201010040010
201010040011
201010040012
201010040013
201010040014
201010040015
201010040016
201010040017
201010040018
201010040019
201010040020
201010040022
201010040023
201010050001
201010050002
201010050003
201010050004
201010050005
201010050006
201010050007
201010050008
201010050009
201010050010
201010050011
201010050012
201010050013
201010050014
201010060001
201010060003
201010060004
201010060006
201010060007
201010060008
201010060009
201010060010
201010070001
201010070003
201010070004
201010070005
201010070006
201010070007
201010070008
201010070009
201010070010
201010070011
201010070012
201010070013
201010070014
201010070015
201010070017
201010070018
201010080001
201010080002
201010080003
201010080004
201010080005
201010080006
201010080008
201010080009
201010090001
201010090002
201010090003
201010090004
201010090005
201010090006
201010090007
201010090008
201010090009
201010090010
201010090011
201010090012
201010090013
201010090014  201010090015  201010090016
201010090015  201010090014  201010090016
201010090016  201010090014  201010090015
201010090017
201010090019
201010100001
201010100002
201010100003
201010100004
201010100005
201010100009
201010110002
201010110003
201010110004
201010110005
201010110006
201010110007
201010110008
201010110009
201010110010
201010110011
201010110012
201010110013
201010110014
201010110015
201010110017
201010120001
201010120002
201010120003
201010120004
201010120006
201010120007
201010130001
201010130002
201010130003
201010130004
201010130005
201010130007
201010130008
201010130010
201010130011
201010130012
201010130013
201010130014
201010130015
201010130016
201010130017
201010140001
201010140002
201010140003
201010140004
201010140005
201010140006
201010140007
201010140008
201010140010
201010140011
201010140012
201010140013
201010140014
201010140015
201010140016
201010140017
201010140018
201010150001
201010160002
201010160003
201010160004
201010160005
201010160006
201010160007
201010160008
201010170001
201010170003
201010170004
201010170005
201010170006
201010170009
201010170010
201010170011
201010170012
201010170013
201010170014
201010180001
201010180002
201010180003
201010180004
201010180005
201010180006
201010180007
201010180009
201010180010
201010180011
201010190001
201010190002  201010190003
201010190003  201010190002
201010190004
201010190005
201010190006
201010190007
201010190008
201010190009
201010190010
201010190011
201010190012  201010190013
201010190013  201010190012
201010190014
201010190015
201010200001
201010200004
201010200005
201010200006
201010200008
201010200009
201010200010
201010200011
201010200012
201010210001
201010210002
201010210003
201010210006
201010210007
201010210009
201010210010
201010210011
201010210012  201010210013
201010210013  201010210012
201010210014
201010220001
201010220002
201010220003
201010220004
201010220005
201010220006
201010220007
201010220008
201010220009
201010220010
201010220011
201010220012
201010220013
201010220015
201010220016
201010220017  201010220018  201010220019
201010220018  201010220017  201010220019
201010220019  201010220017  201010220018
201010220020
201010230001
201010230003
201010230004
201010230009
201010230010
201010230011
201010230013
201010240001
201010240002
201010240003
201010240005
201010240006
201010240007
201010240008
201010240009
201010240010
201010250001
201010250003
201010250004  201010250005
201010250005  201010250004
201010250006
201010250007
201010250008
201010250009
201010250011
201010250012
201010250013
201010250014
201010250015
201010250016
201010250017
201010250018
201010250019
201010250020
201010250021
201010250022
201010250023
201010250025
201010250026
201010260001
201010260002
201010260003
201010260004
201010260005
201010260006
201010260007
201010260008
201010260010
201010260011
201010260012
201010260013
201010270003
201010270004
201010270005
201010270006
201010270007
201010270008
201010270009
201010270010
201010270011
201010270012
201010270014
201010270015
201010270016
201010270017
201010270019
201010270020
201010270021
201010280001
201010280002
201010280003
201010280004
201010280005
201010280006
201010280007
201010280008
201010280009
201010280010
201010280011
201010280012
201010280013
201010280014
201010280016
201010290002
201010290004
201010290005
201010290006
201010290007
201010290008
201010290009  201010290010
201010290010  201010290009
201010300003
201010300004
201010300005
201010300006
201010300007
201010300008
201010300010
201010300011
201010300012
201010310002
201010310003
201010310004
201010310005
201010310006
201010310008
201010310009
201010310010
201010310011
201010310012
201010310013
201011000001
201011010001
201011010002
201011010003
201011010004  201011010005  201011010006  201011010007  201011020008  201011020009  201011020010  201011020011  201011020012  201011020013  201011020014  201011020015  201011040010
201011010005  201011010004  201011010006  201011010007  201011020008  201011020009  201011020010  201011020011  201011020012  201011020013  201011020014  201011020015  201011040010
201011010006  201011010004  201011010005  201011010007  201011020008  201011020009  201011020010  201011020011  201011020012  201011020013  201011020014  201011020015  201011040010
201011010007  201011010004  201011010005  201011010006  201011020008  201011020009  201011020010  201011020011  201011020012  201011020013  201011020014  201011020015  201011040010
201011010008  201011010012  201011010013
201011010009
201011010010
201011010011
201011010012  201011010008  201011010013
201011010013  201011010008  201011010012
201011010014
201011010015
201011010016
201011010017
201011010018
201011010019
201011010020
201011010021
201011010022
201011020001  201011020002
201011020002  201011020001
201011020003
201011020004
201011020005
201011020006
201011020008  201011010004  201011010005  201011010006  201011010007  201011020009  201011020010  201011020011  201011020012  201011020013  201011020014  201011020015  201011040010
201011020009  201011010004  201011010005  201011010006  201011010007  201011020008  201011020010  201011020011  201011020012  201011020013  201011020014  201011020015  201011040010
201011020010  201011010004  201011010005  201011010006  201011010007  201011020008  201011020009  201011020011  201011020012  201011020013  201011020014  201011020015  201011040010
201011020011  201011010004  201011010005  201011010006  201011010007  201011020008  201011020009  201011020010  201011020012  201011020013  201011020014  201011020015  201011040010
201011020012  201011010004  201011010005  201011010006  201011010007  201011020008  201011020009  201011020010  201011020011  201011020013  201011020014  201011020015  201011040010
201011020013  201011010004  201011010005  201011010006  201011010007  201011020008  201011020009  201011020010  201011020011  201011020012  201011020014  201011020015  201011040010
201011020014  201011010004  201011010005  201011010006  201011010007  201011020008  201011020009  201011020010  201011020011  201011020012  201011020013  201011020015  201011040010
201011020015  201011010004  201011010005  201011010006  201011010007  201011020008  201011020009  201011020010  201011020011  201011020012  201011020013  201011020014  201011040010
201011020016
201011020017
201011020018
201011020019
201011020020  201011020021  201011020022  201011020023  201011020024  201011020025  201011020026  201011020027  201011020028  201011020029  201011020030  201011020031  201011020032  201011020033  201011020034
201011020021  201011020020  201011020022  201011020023  201011020024  201011020025  201011020026  201011020027  201011020028  201011020029  201011020030  201011020031  201011020032  201011020033  201011020034
201011020022  201011020020  201011020021  201011020023  201011020024  201011020025  201011020026  201011020027  201011020028  201011020029  201011020030  201011020031  201011020032  201011020033  201011020034
201011020023  201011020020  201011020021  201011020022  201011020024  201011020025  201011020026  201011020027  201011020028  201011020029  201011020030  201011020031  201011020032  201011020033  201011020034
201011020024  201011020020  201011020021  201011020022  201011020023  201011020025  201011020026  201011020027  201011020028  201011020029  201011020030  201011020031  201011020032  201011020033  201011020034
201011020025  201011020020  201011020021  201011020022  201011020023  201011020024  201011020026  201011020027  201011020028  201011020029  201011020030  201011020031  201011020032  201011020033  201011020034
201011020026  201011020020  201011020021  201011020022  201011020023  201011020024  201011020025  201011020027  201011020028  201011020029  201011020030  201011020031  201011020032  201011020033  201011020034
201011020027  201011020020  201011020021  201011020022  201011020023  201011020024  201011020025  201011020026  201011020028  201011020029  201011020030  201011020031  201011020032  201011020033  201011020034
201011020028  201011020020  201011020021  201011020022  201011020023  201011020024  201011020025  201011020026  201011020027  201011020029  201011020030  201011020031  201011020032  201011020033  201011020034
201011020029  201011020020  201011020021  201011020022  201011020023  201011020024  201011020025  201011020026  201011020027  201011020028  201011020030  201011020031  201011020032  201011020033  201011020034
201011020030  201011020020  201011020021  201011020022  201011020023  201011020024  201011020025  201011020026  201011020027  201011020028  201011020029  201011020031  201011020032  201011020033  201011020034
201011020031  201011020020  201011020021  201011020022  201011020023  201011020024  201011020025  201011020026  201011020027  201011020028  201011020029  201011020030  201011020032  201011020033  201011020034
201011020032  201011020020  201011020021  201011020022  201011020023  201011020024  201011020025  201011020026  201011020027  201011020028  201011020029  201011020030  201011020031  201011020033  201011020034
201011020033  201011020020  201011020021  201011020022  201011020023  201011020024  201011020025  201011020026  201011020027  201011020028  201011020029  201011020030  201011020031  201011020032  201011020034
201011020034  201011020020  201011020021  201011020022  201011020023  201011020024  201011020025  201011020026  201011020027  201011020028  201011020029  201011020030  201011020031  201011020032  201011020033
201011020035
201011020036
201011030001
201011030002
201011030003
201011030004
201011030005
201011030007
201011030008
201011030009
201011030012
201011030013
201011030014
201011030015
201011030016
201011030017
201011030018
201011030019
201011030020
201011030021
201011040001
201011040002
201011040003
201011040005
201011040006
201011040007
201011040008
201011040009
201011040010  201011010004  201011010005  201011010006  201011010007  201011020008  201011020009  201011020010  201011020011  201011020012  201011020013  201011020014  201011020015
201011040011
201011040013
201011040014
201011040015
201011040016
201011050001
201011050002
201011050003
201011050004
201011050005
201011050006
201011050007
201011050008
201011050009
201011050010
201011050011
201011060001
201011060003
201011060006  201011060007  201011060008
201011060007  201011060006  201011060008
201011060008  201011060006  201011060007
201011060009
201011060010
201011060011
201011060012
201011070001
201011070002
201011070003
201011070004
201011070005
201011070006
201011070007
201011070008
201011070009
201011070010
201011070011
201011070012  201011070013
201011070013  201011070012
201011070014
201011070015  201011070019  201011070020
201011070016
201011070017
201011070018
201011070019  201011070015  201011070020
201011070020  201011070015  201011070019
201011080002
201011080003  201011080004  201011080005  201011080006
201011080004  201011080003  201011080005  201011080006
201011080005  201011080003  201011080004  201011080006
201011080006  201011080003  201011080004  201011080005
201011080007
201011080008
201011080009
201011080010
201011080011
201011080012
201011080013
201011080014  201011080015
201011080015  201011080014
201011080016
201011080017
201011080018
201011080020
201011080021
201011080022  201011080027
201011080026
201011080027  201011080022
201011090001  201011090004  201011090005
201011090002
201011090003
201011090004  201011090001  201011090005
201011090005  201011090001  201011090004
201011090006
201011090007
201011090009
201011090011
201011090012
201011090013
201011090015
201011090016  201011090017  201011090018
201011090017  201011090016  201011090018
201011090018  201011090016  201011090017
201011090019  201011090020
201011090020  201011090019
201011100001  201011100002
201011100002  201011100001
201011100003
201011100004
201011100005
201011100006
201011100007
201011100008
201011100009
201011100010
201011100011
201011100012
201011100013
201011100014
201011100015  201011100016  201011100017  201011100018  201011100019  201011100020  201011100021  201011100022
201011100016  201011100015  201011100017  201011100018  201011100019  201011100020  201011100021  201011100022
201011100017  201011100015  201011100016  201011100018  201011100019  201011100020  201011100021  201011100022
201011100018  201011100015  201011100016  201011100017  201011100019  201011100020  201011100021  201011100022
201011100019  201011100015  201011100016  201011100017  201011100018  201011100020  201011100021  201011100022
201011100020  201011100015  201011100016  201011100017  201011100018  201011100019  201011100021  201011100022
201011100021  201011100015  201011100016  201011100017  201011100018  201011100019  201011100020  201011100022
201011100022  201011100015  201011100016  201011100017  201011100018  201011100019  201011100020  201011100021
201011100023
201011110001
201011110002
201011110003
201011110004
201011110008
201011110009
201011110010
201011110011
201011110012
201011110013
201011110015
201011110016
201011110017
201011110018  201011110019
201011110019  201011110018
201011110020
201011110021
201011110022
201011110023
201011120002
201011120003
201011120004
201011120005
201011120006
201011120007
201011130001
201011130002
201011130004
201011130005
201011130006
201011130007
201011140001
201011140002
201011140004
201011140005
201011140006
201011140007
201011140008
201011140009
201011140010
201011140011
201011140012
201011140013
201011140014
201011150002
201011150003
201011150004
201011150006
201011150007
201011150008
201011150009
201011150011
201011150013
201011150016
201011150017
201011150018
201011150019
201011150020
201011150021
201011150022
201011150023
201011160001
201011160004
201011160005
201011160006
201011160007
201011160008
201011160009
201011160010
201011160011
201011160013
201011160015
201011170002
201011170003
201011170004
201011170005
201011170006
201011170008
201011170009
201011170010
201011180001
201011180002
201011180003
201011180004
201011180005
201011180007
201011180008
201011180009
201011180010
201011180011
201011180012
201011190001
201011190002
201011190003
201011190004
201011190005
201011190008
201011190010
201011190012
201011190013
201011190014
201011190015
201011190016
201011190017
201011200001
201011200002
201011200003
201011200004
201011200005
201011200006
201011200007
201011200008
201011200009
201011200010
201011200011  201011200012  201011200013  201011200014
201011200012  201011200011  201011200013  201011200014
201011200013  201011200011  201011200012  201011200014
201011200014  201011200011  201011200012  201011200013
201011200016
201011200017
201011200018
201011200019
201011210001
201011210002
201011210003
201011210004
201011210005
201011210006
201011210010
201011210011
201011210012
201011210013
201011210014
201011210015
201011210016
201011210017
201011210018
201011220001
201011220002
201011220003
201011220004
201011220005
201011220006
201011220007
201011220008
201011220009
201011220010
201011220011
201011220012
201011220013
201011220015
201011220016
201011220017
201011220018  201011220019
201011220019  201011220018
201011220020
201011220021
201011220024
201011220025
201011230001
201011230002
201011230003
201011230004
201011230006
201011230007
201011230008
201011230009
201011230010
201011230013
201011230014
201011230015
201011240001
201011240002
201011240003
201011240004
201011240005
201011240006
201011240007
201011240009
201011240011
201011240012
201011240013
201011240014
201011240015
201011240016  201011240017
201011240017  201011240016
201011250001
201011250002
201011250003
201011250004
201011250006
201011250007
201011250008
201011250010
201011250011
201011260001
201011260002
201011260003
201011260004
201011260006
201011260007
201011260008
201011260009
201011260011
201011260012
201011260013
201011270001
201011270002
201011270003
201011270004
201011270005
201011270006
201011270008
201011270009
201011270010
201011270011
201011280001
201011280003
201011280004
201011280005
201011280006
201011280007
201011280008
201011280009
201011280010
201011280011
201011280012
201011280013
201011280014  201011280015  201011280016
201011280015  201011280014  201011280016
201011280016  201011280014  201011280015
201011280017
201011280018
201011280019
201011280020
201011280021
201011280022
201011280023
201011280024
201011290001
201011290002
201011290003
201011290004
201011290005
201011290006
201011290007
201011290008
201011290009
201011290010
201011290012
201011290013
201011290014
201011290015
201011290016
201011290017
201011290018
201011290019
201011290020
201011290023
201011300002
201011300003
201011300005
201011300006
201011300007
201011300008
201011300010
201011300011
201011300012
201011300014
201011300015
201011300016
201011300017
201011300018
201011300019
201011300020
201012010001
201012010002  201012010003  201012010004
201012010003  201012010002  201012010004
201012010004  201012010002  201012010003
201012010005
201012010006
201012010007
201012010008
201012010010
201012010011
201012010012
201012010013
201012010014
201012010015
201012010016
201012020001
201012020002
201012020003
201012020004
201012020005
201012020006
201012020007
201012020008  201012020009
201012020009  201012020008
201012020010
201012020011
201012020012
201012020013
201012020014
201012030001
201012030002
201012030003
201012030004
201012030005
201012030006
201012030007  201012030008
201012030008  201012030007
201012030009
201012030010
201012030011  201012030012
201012030012  201012030011
201012030013
201012030014
201012040001
201012040002
201012040003
201012040004
201012040005
201012040006
201012040007
201012040008
201012040009
201012040010
201012050001
201012050003
201012050004
201012050006
201012050008
201012060001
201012060002
201012060003
201012060004
201012060005
201012060006
201012060007
201012060008
201012060009
201012060010
201012070002
201012070003
201012070004
201012070005
201012070006
201012070007
201012070008
201012070009
201012070010
201012070011
201012070012
201012070013
201012070014
201012070015
201012070016
201012070017
201012070018
201012070019
201012080002
201012080003  201012080004  201012080005
201012080004  201012080003  201012080005
201012080005  201012080003  201012080004
201012080006
201012080007
201012080008
201012080009
201012080010
201012080011
201012080015
201012080016
201012080017
201012090001
201012090002  201012090006  201012090007  201012090008
201012090003
201012090004
201012090005
201012090006  201012090002  201012090007  201012090008
201012090007  201012090002  201012090006  201012090008
201012090008  201012090002  201012090006  201012090007
201012090009
201012090010
201012090011
201012090012
201012090014
201012100001
201012100002
201012100003
201012100004
201012100005
201012100006
201012110001
201012110003
201012110004
201012110005
201012110006
201012110007
201012110008  201012110009
201012110009  201012110008
201012110010
201012110011
201012110012
201012110014
201012110015
201012110016
201012110017
201012120001  201012120002
201012120002  201012120001
201012120003
201012120004
201012120005
201012120006
201012120007
201012120008
201012120010
201012130001
201012130002
201012130003
201012130004
201012130005
201012130006
201012130007
201012130009
201012130010
201012130011
201012130012
201012130013
201012140001
201012140002
201012140003
201012140004
201012140005
201012140006  201012140007
201012140007  201012140006
201012140008
201012140009
201012140010
201012140011
201012140012
201012140013
201012140014
201012140015
201012140016
201012140017
201012140018
201012140019
201012140021
201012150001
201012150002
201012150003
201012150004
201012150005
201012150006
201012150007
201012150008
201012150009
201012150010
201012160001
201012160003
201012160004
201012160005
201012160006
201012160007
201012160008  201012160009  201012160010  201012160011  201012160012  201012160013  201012160014  201012160015  201012160016  201012160017
201012160009  201012160008  201012160010  201012160011  201012160012  201012160013  201012160014  201012160015  201012160016  201012160017
201012160010  201012160008  201012160009  201012160011  201012160012  201012160013  201012160014  201012160015  201012160016  201012160017
201012160011  201012160008  201012160009  201012160010  201012160012  201012160013  201012160014  201012160015  201012160016  201012160017
201012160012  201012160008  201012160009  201012160010  201012160011  201012160013  201012160014  201012160015  201012160016  201012160017
201012160013  201012160008  201012160009  201012160010  201012160011  201012160012  201012160014  201012160015  201012160016  201012160017
201012160014  201012160008  201012160009  201012160010  201012160011  201012160012  201012160013  201012160015  201012160016  201012160017
201012160015  201012160008  201012160009  201012160010  201012160011  201012160012  201012160013  201012160014  201012160016  201012160017
201012160016  201012160008  201012160009  201012160010  201012160011  201012160012  201012160013  201012160014  201012160015  201012160017
201012160017  201012160008  201012160009  201012160010  201012160011  201012160012  201012160013  201012160014  201012160015  201012160016
201012160018
201012160019
201012160020
201012160021
201012160025
201012170001
201012170002
201012170003
201012170004  201012170005  201012170006
201012170005  201012170004  201012170006
201012170006  201012170004  201012170005
201012170007
201012170008
201012170009
201012170010
201012170011
201012170012
201012180001
201012180002
201012180003  201012240015
201012180004
201012180005
201012180006
201012180007
201012180008
201012180009
201012190001
201012190002
201012190003
201012190004
201012190005
201012190006
201012190007
201012190008
201012190009
201012190010
201012200001
201012200002
201012200003
201012200004
201012200005
201012200006
201012200007  201012200008
201012200008  201012200007
201012200009
201012200010
201012200011
201012210001
201012210002
201012210003
201012210004
201012210005
201012210006
201012210007
201012210008
201012210009
201012210010
201012210011
201012210013
201012210014
201012210015
201012210016  201012210017
201012210017  201012210016
201012220001
201012220002
201012220003
201012220004
201012220005
201012220006
201012220007
201012220009
201012220010
201012220011
201012220013
201012220014
201012220015
201012230001
201012230002
201012230003
201012230004  201012230005  201012270003
201012230005  201012230004  201012270003
201012230006  201012230007
201012230007  201012230006
201012230008
201012230009
201012230010
201012230011
201012230012
201012230013
201012230014
201012230015
201012230017
201012240001
201012240002
201012240003
201012240004  201012240011
201012240005
201012240006
201012240007
201012240008  201012240009
201012240009  201012240008
201012240010
201012240011  201012240004
201012240012
201012240013
201012240014
201012240015  201012180003
201012240016  201012240017  201012240018
201012240017  201012240016  201012240018
201012240018  201012240016  201012240017
201012240019  201012240020
201012240020  201012240019
201012250001
201012250002
201012250003
201012250006  201012250007  201012250008
201012250007  201012250006  201012250008
201012250008  201012250006  201012250007
201012250009
201012250011
201012260001
201012260002
201012260003  201012260004  201012260005  201012260006
201012260004  201012260003  201012260005  201012260006
201012260005  201012260003  201012260004  201012260006
201012260006  201012260003  201012260004  201012260005
201012260007
201012260008
201012260012
201012270002
201012270003  201012230004  201012230005
201012270006
201012270007
201012270008
201012270009
201012270010
201012270011
201012270012  201012270013
201012270013  201012270012
201012270015
201012270016
201012270017  201012270018
201012270018  201012270017
201012270021
201012270022
201012280003
201012280004
201012280006
201012280008
201012280009
201012280010
201012290001
201012290002
201012290003
201012290004
201012290005
201012290006
201012290007
201012290008
201012290011
201012290012
201012300001
201012300002
201012300003
201012300006
201012300007
201012300008
201012300009
201012300010
201012300011
201012300012
201012300013
201012300014
201012300015
201012300016
201012300017
201012300018
201012300020
201012300021
201012300022
201012310001
201012310002
201012310003
201012310004
201012310005
