201101010001
201101010003
201101010004
201101010005
201101020001
201101020002
201101020003
201101020004
201101020005
201101020006
201101020007
201101020008
201101030002
201101030003
201101030004
201101030005
201101030006
201101030007
201101030008
201101030009
201101030010
201101040001
201101040002
201101040003
201101040004
201101040005
201101040006
201101040007
201101040008
201101040009
201101040010
201101040011
201101040012
201101040013
201101040014
201101040015
201101040016
201101040017
201101040018
201101040019
201101040023
201101050001
201101050002
201101050003
201101050005
201101050006
201101050007
201101060001
201101060002
201101060003
201101060004
201101060005
201101060006
201101060007
201101060009
201101060010
201101060011
201101060014
201101060015
201101060016
201101060017
201101060018  201101060019
201101060019  201101060018
201101070001
201101070002
201101070003
201101070004
201101070005
201101070006
201101070007
201101070008
201101070009  201101080009
201101070010
201101070011
201101070012
201101080002
201101080003
201101080004
201101080005
201101080006
201101080007
201101080008
201101080009  201101070009
201101080010
201101080011
201101080012
201101080013
201101080014  201101080015
201101080015  201101080014
201101080016
201101080017
201101090001
201101090002
201101090003
201101090004
201101090005
201101090007  201101090008  201101090009  201101090010  201101090011  201101090012
201101090008  201101090007  201101090009  201101090010  201101090011  201101090012
201101090009  201101090007  201101090008  201101090010  201101090011  201101090012
201101090010  201101090007  201101090008  201101090009  201101090011  201101090012
201101090011  201101090007  201101090008  201101090009  201101090010  201101090012
201101090012  201101090007  201101090008  201101090009  201101090010  201101090011
201101090013
201101090014
201101100001
201101100002
201101100004
201101100006
201101100007
201101100009
201101100010
201101100011
201101100012
201101100014
201101100015
201101100016
201101100017  201101100018  201101100019  201101100020  201101100021
201101100018  201101100017  201101100019  201101100020  201101100021
201101100019  201101100017  201101100018  201101100020  201101100021
201101100020  201101100017  201101100018  201101100019  201101100021
201101100021  201101100017  201101100018  201101100019  201101100020
201101110002
201101110003
201101110004
201101110006
201101110007
201101110008
201101110009
201101110010
201101110011
201101110012
201101110013
201101110014
201101110015
201101110016
201101110017
201101110018
201101110019
201101110020
201101120001  201101120002
201101120002  201101120001
201101120003
201101120004
201101120005
201101120006
201101120007
201101120008
201101120010  201101120011
201101120011  201101120010
201101120012
201101120013
201101120014
201101120015
201101120016
201101130002
201101130003
201101130004
201101130005
201101130006
201101130007
201101130008  201101130013  201101130014
201101130009
201101130010
201101130011
201101130012
201101130013  201101130008  201101130014
201101130014  201101130008  201101130013
201101130015
201101130016
201101140002
201101140003
201101140004
201101140005
201101140006
201101140007
201101140008
201101140009
201101140010
201101140012
201101140013
201101150001
201101150002
201101150003
201101150004
201101150006
201101150007
201101150008
201101150009
201101150010
201101150011
201101150012
201101150013
201101150015
201101150016
201101150017
201101150018
201101160002
201101160003
201101160004
201101160005
201101160006
201101160007
201101160008
201101160009
201101160010  201101160011
201101160011  201101160010
201101160013
201101160014
201101160015
201101170001
201101170002
201101170003
201101170004
201101170005
201101170006
201101170007
201101170008
201101170009
201101170010
201101170011
201101170012
201101170014
201101170015
201101170016
201101170017
201101170018
201101180001
201101180002
201101180003
201101180004
201101180006
201101180007
201101180008
201101180010
201101180011
201101180012  201101180013
201101180013  201101180012
201101180014
201101180015
201101190001
201101190002
201101190003
201101190005
201101190006
201101190008
201101190009
201101190010
201101190011
201101200001
201101200002
201101200004
201101200005
201101200006
201101200007
201101200008
201101200009
201101200011  201101200012
201101200012  201101200011
201101200013
201101200014
201101200015  201101200016
201101200016  201101200015
201101210001
201101210002
201101210003
201101210005
201101210006
201101210007
201101210008
201101220001
201101220002
201101230001
201101230002
201101230003
201101230004  201101230005  201101230006
201101230005  201101230004  201101230006
201101230006  201101230004  201101230005
201101230008
201101230009  201101230010  201101230011
201101230010  201101230009  201101230011
201101230011  201101230009  201101230010
201101230012
201101230013
201101230014
201101230015
201101230016
201101230017
201101230018
201101230019
201101240001
201101240002
201101240003
201101240004
201101240005
201101240006
201101240007
201101240008
201101240009
201101240010
201101240011
201101240012
201101240013
201101240014
201101240015
201101240016
201101250003
201101250004
201101250005
201101250006
201101250007
201101250008
201101250009
201101250010
201101250011
201101250012
201101250013
201101250015
201101250016
201101250017
201101250018
201101250019
201101250021
201101260001
201101260002
201101260003
201101260004
201101260005
201101260006
201101260007
201101260008
201101260009
201101260010
201101260011
201101260012
201101260013
201101260014
201101260015
201101260016
201101260017
201101260018
201101260019
201101260020
201101270002
201101270004
201101270005
201101270006
201101270007
201101270008
201101270009
201101270010
201101270011
201101270013
201101270014
201101270015
201101270016
201101270017
201101280001
201101280002
201101280004
201101280005
201101280006  201101280007
201101280007  201101280006
201101280008
201101280009
201101280010
201101280011
201101280012
201101280013
201101290001
201101290002
201101290003
201101290004
201101290005  201101290006
201101290006  201101290005
201101290007
201101290008
201101290009
201101290010
201101290011
201101300001
201101300002
201101300003
201101300004
201101300005
201101300006
201101310001
201101310002
201101310003
201101310004
201101310005
201101310006
201101310008
201101310009
201101310010
201101310011
201101310012
201101310013
201101310014
201101310015
201101310016
201101310018
201101310021
201102010001
201102010002
201102010003
201102010004
201102010005
201102010006
201102010007
201102010008
201102010009
201102010010
201102010011
201102010012
201102010013
201102010014
201102010015
201102010016
201102010017
201102010018
201102020001
201102020002
201102020003
201102020004
201102020005
201102020006
201102020008  201102020009  201102020010  201102020011  201102020012  201102020013  201102020014
201102020009  201102020008  201102020010  201102020011  201102020012  201102020013  201102020014
201102020010  201102020008  201102020009  201102020011  201102020012  201102020013  201102020014
201102020011  201102020008  201102020009  201102020010  201102020012  201102020013  201102020014
201102020012  201102020008  201102020009  201102020010  201102020011  201102020013  201102020014
201102020013  201102020008  201102020009  201102020010  201102020011  201102020012  201102020014
201102020014  201102020008  201102020009  201102020010  201102020011  201102020012  201102020013
201102020015
201102020016
201102020017
201102020018
201102020019
201102020020
201102020022
201102020023
201102020024
201102020025
201102020026
201102030001
201102030002
201102030003
201102030004
201102030005
201102030006
201102030007
201102030008
201102030009
201102030010
201102030011
201102030012
201102030013
201102030014
201102030015
201102030016
201102030017
201102030018
201102030019
201102040001
201102040002
201102040003
201102040004
201102040005
201102040006
201102040009
201102040010
201102040011
201102040012
201102040014
201102040015
201102040016
201102040017
201102040019
201102050001
201102050002
201102050003
201102050006
201102050007
201102050008
201102050009
201102050010
201102050011
201102050012
201102050013
201102060001
201102060002
201102060003
201102060004
201102060005  201102060006
201102060006  201102060005
201102060007
201102060008
201102060009
201102060010
201102060011
201102060012
201102060013
201102060014
201102070001
201102070003
201102070004
201102070005
201102070006
201102070007
201102070008
201102070009
201102070010  201102070026
201102070011
201102070012
201102070014
201102070015
201102070016
201102070017
201102070018
201102070019
201102070020
201102070021
201102070022  201102070023
201102070023  201102070022
201102070024  201102080002
201102070025
201102070026  201102070010
201102080001
201102080002  201102070024
201102080003
201102080004
201102080005
201102080006
201102080007
201102080008
201102080009
201102080010
201102090001
201102090002
201102090003
201102090004
201102090005
201102090006  201102090007  201102090008
201102090007  201102090006  201102090008
201102090008  201102090006  201102090007
201102090009
201102090010
201102090011
201102090012
201102100001  201102100002  201102100003
201102100002  201102100001  201102100003
201102100003  201102100001  201102100002
201102100004
201102100005
201102100006
201102100007
201102100008
201102100009  201102100022
201102100010  201102100011
201102100011  201102100010
201102100013
201102100014
201102100015
201102100016
201102100017
201102100019
201102100020
201102100021
201102100022  201102100009
201102110001
201102110002
201102110003
201102110005
201102110006
201102110007
201102110008
201102110009
201102110010
201102110011
201102110012
201102110013
201102120001
201102120002
201102120003
201102120004
201102120006
201102120007
201102120008
201102130001
201102130002
201102130003
201102130004
201102130005
201102130006
201102130007
201102130008
201102130009
201102130010  201102130011
201102130011  201102130010
201102130012
201102130013
201102130014
201102140001
201102140002
201102140004
201102140005
201102140006
201102140007
201102150001  201102150002
201102150002  201102150001
201102150003
201102150004
201102150005
201102150006
201102150007
201102150009
201102150010
201102150011
201102150012
201102150013
201102160001
201102160002
201102160004
201102160005
201102160006
201102160007
201102160008
201102160009
201102160012
201102160013
201102170001
201102170002
201102170003
201102170004
201102170005
201102170006
201102170007  201102170008
201102170008  201102170007
201102170009
201102170010
201102170011
201102170012
201102170013
201102170014
201102170015
201102170016
201102170017
201102170018  201102170019
201102170019  201102170018
201102170020  201102170021  201102170022
201102170021  201102170020  201102170022
201102170022  201102170020  201102170021
201102170023
201102170024
201102170025
201102180001
201102180002
201102180003
201102180004
201102180005
201102180006  201102180007
201102180007  201102180006
201102180009
201102190001
201102190002
201102190003
201102190004
201102190005
201102190006
201102190007
201102190008  201102190009
201102190009  201102190008
201102190010
201102190011
201102190012
201102200001
201102200002
201102200003
201102200004
201102200005
201102200006
201102200008
201102200010
201102210001
201102210002
201102210003
201102210004
201102210005
201102210006
201102210007
201102210008
201102210009
201102210010
201102210011
201102210012
201102220001
201102220002
201102220003
201102220004
201102220005
201102220006
201102220007
201102220008
201102220009
201102230001
201102230002
201102230003
201102230004
201102230005
201102230006
201102230007
201102230008
201102230009
201102230010
201102230011
201102230012
201102230013
201102240001
201102240002
201102240003
201102240004
201102240006
201102240008
201102240009
201102240010
201102250001
201102250002  201102250003
201102250003  201102250002
201102250004  201102250005  201102250006  201102250007
201102250005  201102250004  201102250006  201102250007
201102250006  201102250004  201102250005  201102250007
201102250007  201102250004  201102250005  201102250006
201102250009
201102250011
201102250012
201102250013
201102260001
201102260002
201102260003
201102260004
201102260006
201102260007
201102260008
201102260009
201102260010
201102260011  201102260012
201102260012  201102260011
201102260013
201102260014
201102260015
201102260016
201102260017
201102260018
201102270001
201102270002
201102270004
201102270005
201102270006
201102270007
201102270008  201102270009  201102270010  201102270011  201102270012
201102270009  201102270008  201102270010  201102270011  201102270012
201102270010  201102270008  201102270009  201102270011  201102270012
201102270011  201102270008  201102270009  201102270010  201102270012
201102270012  201102270008  201102270009  201102270010  201102270011
201102280001
201102280002
201102280003
201102280004
201102280005
201102280006
201102280007
201102280008
201102280009
201102280010
201102280011
201102280012
201102280013
201102280014
201103010001
201103010002
201103010003
201103010004
201103010005
201103010006  201103010027
201103010007  201103010025  201103010026
201103010008
201103010009
201103010010
201103010011
201103010012
201103010014
201103010015
201103010016
201103010017
201103010018
201103010019
201103010020
201103010021
201103010022
201103010023
201103010024
201103010025  201103010007  201103010026
201103010026  201103010007  201103010025
201103010027  201103010006
201103010028
201103010029
201103020001
201103020002
201103020003
201103020004
201103020005
201103020007
201103020008
201103020009
201103020010
201103020011
201103020012
201103020013
201103020014
201103020015
201103020016
201103020017
201103020018
201103030001
201103030002
201103030003
201103030004
201103030005
201103030006
201103030007
201103030008
201103030009
201103030010
201103030011
201103030012
201103040002
201103040003
201103040005
201103040006
201103040007
201103040008
201103040009
201103040010
201103050002
201103050003
201103050004
201103050006
201103050007
201103050008
201103050009
201103050010
201103050011
201103050012
201103050013
201103050014
201103050015
201103060001
201103060002
201103060003
201103060004
201103060005
201103060006
201103060007
201103060008
201103060009
201103060010
201103060012
201103070001
201103070002
201103070003
201103070004
201103070005
201103070006
201103070007
201103070008
201103080001
201103080002
201103080003
201103080004
201103080005
201103080006
201103080007
201103080008
201103080009
201103080013
201103080014
201103080015
201103080016
201103090001
201103090002
201103090004
201103090005
201103090006
201103090010
201103090011
201103090012
201103090013
201103090014
201103090016
201103090017
201103090018
201103090019
201103090020
201103090021
201103090022
201103090023
201103090024
201103090025
201103100001
201103100002
201103100003
201103100004
201103100005
201103100006
201103100007
201103100008
201103100009
201103100010
201103100012
201103100013
201103100014
201103100015
201103100016
201103110001
201103110002
201103110003
201103110004
201103110005  201103110014  201103110015
201103110006
201103110007
201103110008
201103110009
201103110010
201103110011
201103110012
201103110013
201103110014  201103110005  201103110015
201103110015  201103110005  201103110014
201103120001  201103120010
201103120006  201103120007
201103120007  201103120006
201103120008
201103120009
201103120010  201103120001
201103120012
201103120013
201103120014
201103130001
201103130002
201103130003
201103130004
201103130005
201103130006
201103130007
201103130008
201103130009
201103130010
201103130011
201103130012
201103130013
201103130014
201103140001
201103140002
201103140003
201103140004
201103140005
201103140006
201103140007  201103140026  201103140027
201103140008  201103140009  201103140010  201103140011  201103140012  201103140025
201103140009  201103140008  201103140010  201103140011  201103140012  201103140025
201103140010  201103140008  201103140009  201103140011  201103140012  201103140025
201103140011  201103140008  201103140009  201103140010  201103140012  201103140025
201103140012  201103140008  201103140009  201103140010  201103140011  201103140025
201103140014
201103140016
201103140018
201103140019
201103140020
201103140021
201103140022
201103140023
201103140024
201103140025  201103140008  201103140009  201103140010  201103140011  201103140012
201103140026  201103140007  201103140027
201103140027  201103140007  201103140026
201103150001
201103150002
201103150003
201103150005
201103150006
201103150007
201103150008  201103150013  201103150014  201103150015
201103150009
201103150010
201103150011
201103150012
201103150013  201103150008  201103150014  201103150015
201103150014  201103150008  201103150013  201103150015
201103150015  201103150008  201103150013  201103150014
201103150016
201103150017
201103150018
201103150019
201103150020
201103160001
201103160002
201103160003
201103160005
201103160006
201103160007
201103170001
201103170002
201103170003
201103170004
201103170006
201103170007
201103170008
201103170009
201103170010
201103170011
201103170012
201103170013
201103170014
201103170015
201103180001
201103180002
201103180003
201103180004
201103180005
201103190001
201103190002
201103190004
201103190005
201103190006
201103190007
201103190008
201103190009
201103190010
201103190011
201103190012
201103190013  201103190015
201103190014
201103190015  201103190013
201103190016
201103200001
201103200002
201103200003
201103200004
201103200005
201103200006
201103200008
201103200009
201103200010
201103200011
201103200012
201103200013
201103200014
201103200015
201103210001
201103210002
201103210003
201103210004
201103210005
201103210006
201103210007
201103210008
201103210009
201103210010
201103210011
201103210012
201103210013
201103210014
201103210016
201103210017
201103210018
201103220001
201103220002
201103220003  201103220013
201103220004
201103220005
201103220006
201103220007
201103220008
201103220009
201103220010
201103220011
201103220012
201103220013  201103220003
201103220014  201103230015
201103220016
201103220017
201103220018
201103230001
201103230003
201103230004
201103230005
201103230006
201103230007
201103230008
201103230009
201103230010
201103230011
201103230012
201103230013
201103230014
201103230015  201103220014
201103230016  201103230017
201103230017  201103230016
201103230019
201103230020
201103240001
201103240002
201103240003
201103240004
201103240005
201103240008
201103240009
201103240010
201103240011
201103240012
201103240013
201103240014
201103240015
201103250001
201103250002
201103250003
201103250004
201103250005  201103250013
201103250006
201103250007
201103250008
201103250009
201103250010
201103250011
201103250013  201103250005
201103260002
201103260003
201103260005
201103260006
201103260007
201103260008
201103260009
201103260010
201103270001
201103270002
201103270003
201103270004
201103270005
201103270006
201103270007
201103270008
201103270009
201103270010
201103270011
201103270012
201103270013
201103270014
201103270015
201103270016
201103270017
201103270018
201103270019
201103270020
201103270021
201103280001
201103280002
201103280003
201103280004
201103280005
201103280006
201103280007
201103280008
201103280009
201103280010
201103280011
201103280012
201103280013
201103280014
201103280015
201103280016
201103280017
201103280018
201103280019
201103280020
201103280021
201103280022
201103280023
201103280024
201103290001
201103290003  201103290004  201103290005
201103290004  201103290003  201103290005
201103290005  201103290003  201103290004
201103290006
201103290007  201103290014
201103290009
201103290010
201103290011
201103290012
201103290013
201103290014  201103290007
201103290015
201103290016
201103300001
201103300002
201103300003
201103300004
201103300005
201103300006
201103300007
201103300008
201103300009
201103310001
201103310002
201103310003
201103310004
201103310005
201103310006
201103310007
201103310008
201103310009
201103310010
201103310011
201103310012
201103310013
201103310014
201104010001
201104010002
201104010003
201104010004
201104010005
201104010006
201104010007
201104010008
201104010009
201104010010
201104020001
201104020002
201104020003
201104020004
201104020005
201104020006
201104020007
201104020008
201104020010
201104020011
201104030001
201104030003
201104030004
201104030005
201104030006
201104030008
201104030009
201104030010
201104030011
201104040001
201104040002
201104040003
201104040004
201104040005
201104040006
201104040007
201104040008
201104040009
201104040011
201104040012
201104040013
201104040014
201104040015
201104040016
201104040017
201104050001
201104050002
201104050003
201104050004
201104050005
201104050007
201104050008
201104050009
201104050010  201104050011  201104050012
201104050011  201104050010  201104050012
201104050012  201104050010  201104050011
201104050015
201104050016
201104050017
201104050018
201104050020
201104050021
201104050022
201104050023
201104060001
201104060002
201104060003
201104060004
201104060005
201104060007
201104060008
201104060010
201104060011
201104060012
201104060014
201104070001
201104070002
201104070003
201104070004
201104070005
201104070006
201104070007
201104070011
201104070012
201104070013
201104070014
201104070015
201104080001
201104080002
201104080004
201104080005
201104080006
201104080007
201104080008
201104080010  201104080011
201104080011  201104080010
201104080012
201104080013
201104080014
201104080015
201104080016
201104080017
201104080018
201104080019
201104080020
201104090001
201104090002
201104090003  201104090004
201104090004  201104090003
201104090006
201104090007
201104090008
201104090009
201104090010
201104090012
201104090013
201104090014
201104090015
201104090016
201104090017
201104090018
201104090019
201104090020
201104100001
201104100002
201104100005
201104100006
201104100007
201104100008
201104100009
201104100010
201104100012
201104100013  201104100014
201104100014  201104100013
201104100015
201104100016
201104100017
201104100018
201104100019
201104100020
201104100021
201104100023
201104100024
201104110001
201104110002
201104110003
201104110004
201104110005
201104110006
201104110007
201104110008
201104110009
201104110010
201104110011
201104110012
201104110013
201104110016
201104110017
201104110018
201104110019
201104120001
201104120002
201104120004
201104120005
201104120006
201104120007
201104120008
201104120009
201104120011
201104120012
201104120013  201104120014  201104120015
201104120014  201104120013  201104120015
201104120015  201104120013  201104120014
201104120016
201104120017
201104120018
201104120019
201104120020
201104120021
201104120022
201104120023
201104120024
201104130001
201104130002
201104130003
201104130004
201104130005
201104130006
201104130008
201104130009
201104140001
201104140002
201104140003
201104140004
201104140005
201104140006
201104140007
201104140008
201104140009
201104140010
201104140011
201104140012
201104140013
201104140015
201104140016
201104140017
201104140019
201104140020
201104140021
201104150001
201104150005
201104150006
201104150007
201104150008
201104150009
201104150010
201104150011
201104150012
201104150013
201104150015
201104160001  201104160002
201104160002  201104160001
201104160003
201104160004
201104160005
201104160006
201104160007
201104160008
201104160009
201104160010
201104160011
201104160012
201104160013
201104160014
201104160015
201104160016
201104160018
201104160019
201104160020
201104170001
201104170002
201104170003
201104170004
201104170005
201104170006
201104170007
201104170008
201104170009
201104170010
201104170011  201104170012
201104170012  201104170011
201104170013
201104170014
201104170015
201104170016
201104180001
201104180002
201104180003
201104180004
201104180005
201104180007
201104180008
201104180009
201104180010
201104180011
201104180012
201104180013
201104180014
201104180015
201104180016
201104180017
201104180018
201104180019
201104180020
201104180021
201104190001
201104190002
201104190003
201104190005
201104190006
201104190007
201104190008
201104190009
201104190010
201104190011
201104190012
201104190013
201104190014
201104190015
201104190016
201104200001
201104200002
201104200003
201104200004
201104200005
201104200006
201104200007
201104200009
201104200010
201104200011
201104200012
201104200013
201104200014
201104200015
201104200017
201104200018
201104200019
201104200020
201104200021
201104200022
201104200023
201104210001
201104210002
201104210003
201104210004
201104210005
201104210006
201104210007
201104210008
201104210009
201104210011
201104220001
201104220003
201104220005
201104220006
201104220007
201104220008
201104220009
201104220010
201104220011
201104220012
201104220013
201104220014
201104220015
201104220016
201104220017
201104230001
201104230003
201104230004
201104230006
201104230007
201104230008
201104230009
201104230010
201104230011
201104240001
201104240002
201104240003
201104240004
201104240005  201104240006
201104240006  201104240005
201104240007
201104240008
201104240009
201104250001
201104250002
201104250003
201104250004
201104250005
201104250006
201104250007
201104250008
201104250009
201104260001
201104260003
201104260004
201104260005
201104260007
201104260008
201104260009
201104260010
201104260011  201104260012
201104260012  201104260011
201104260013
201104260014
201104260015
201104260016  201104260017
201104260017  201104260016
201104260018
201104260019  201104260020
201104260020  201104260019
201104260021
201104260022
201104260023
201104260024
201104260025
201104270001
201104270002
201104270003
201104270004
201104270006
201104270007  201104270008
201104270008  201104270007
201104270010
201104270011
201104270012
201104270013
201104270014
201104270015
201104270016
201104270017
201104270021
201104270023
201104280001
201104280002
201104280003
201104280004
201104280005
201104280006
201104280007
201104280008
201104280011
201104280012
201104280013
201104280014
201104280015
201104280016
201104290001
201104290002
201104290003
201104290004
201104290005
201104290006
201104290007
201104290008
201104290009
201104290010
201104300001
201104300002
201104300003
201104300004
201104300005
201104300006
201104300007
201104300008
201104300009
201105010001
201105010002
201105010003
201105010004
201105010005
201105010006
201105010007
201105010008
201105010010
201105010011
201105010012
201105010013
201105020001
201105020002
201105020003  201105020004
201105020004  201105020003
201105020005
201105020006
201105020007
201105020008
201105020009
201105020012
201105020013
201105020014
201105020015
201105020016
201105030001
201105030002
201105030003
201105030004
201105030006
201105030008
201105030009
201105030010
201105030013
201105030014
201105030015
201105030016
201105030017
201105030019
201105030020
201105040001
201105040002
201105040004
201105040005
201105040006
201105040007
201105040008
201105040010
201105040011
201105040013
201105040014
201105040015
201105040016
201105040018
201105040019
201105050001
201105050002
201105050003
201105050004
201105050005
201105050006
201105050007
201105050008
201105050009
201105050011
201105050012
201105060001
201105060003
201105060004
201105060005
201105060006
201105060007
201105060008
201105060010
201105060011
201105060012
201105060013
201105060014
201105060015
201105060016
201105060017
201105060018
201105060019
201105060020
201105060021
201105060022
201105070001
201105070002
201105070003
201105070005
201105070007
201105070008
201105070009
201105070010
201105070011
201105070012
201105070013
201105070014
201105070015
201105070016
201105070017
201105080001
201105080002
201105080003
201105080007
201105080008
201105080009
201105080010
201105080011  201105080012  201105080013
201105080012  201105080011  201105080013
201105080013  201105080011  201105080012
201105080014
201105080015
201105080016
201105080018
201105080019
201105080020
201105080021
201105080022
201105080023
201105080024
201105080026
201105080027
201105080029
201105090001
201105090002
201105090003
201105090005
201105090006
201105090007
201105090009
201105090010
201105090011
201105090012
201105090013
201105090014
201105090015
201105090016
201105100001
201105100002
201105100004
201105100005
201105100006
201105100007
201105100010
201105100011
201105100012
201105100013
201105100014
201105100015
201105100016
201105100017
201105100018
201105100019
201105100020
201105110001
201105110002
201105110003  201105110004  201105110005  201105110006  201105110007
201105110004  201105110003  201105110005  201105110006  201105110007
201105110005  201105110003  201105110004  201105110006  201105110007
201105110006  201105110003  201105110004  201105110005  201105110007
201105110007  201105110003  201105110004  201105110005  201105110006
201105110008
201105110009
201105110010
201105110011
201105110013
201105110014
201105110015
201105110016
201105120001
201105120002
201105120003
201105120004
201105120005
201105120006
201105120008
201105120009
201105120010
201105120011
201105120012
201105120013
201105120014
201105120015
201105130002
201105130004
201105130005
201105130007
201105130008
201105130009
201105140001
201105140003
201105140004
201105140005
201105140006
201105140007
201105140008
201105140009
201105140011
201105140012
201105140013
201105140014
201105140015
201105140016
201105140017
201105140018
201105150001
201105150002
201105150003
201105150006
201105150008
201105150009
201105150010
201105150011
201105150012
201105150013
201105150014
201105150015
201105150016
201105150017  201105150018  201105150019
201105150018  201105150017  201105150019
201105150019  201105150017  201105150018
201105150020
201105150021
201105150022
201105150024
201105150025
201105150026
201105150027
201105160001
201105160002
201105160004
201105160005
201105160006  201105160007
201105160007  201105160006
201105160008
201105160009
201105160010
201105160011
201105160012
201105160013
201105160014
201105160015
201105160016
201105160017
201105160018
201105160019
201105160020
201105160021
201105160022
201105160023
201105160024
201105170001
201105170002
201105170003
201105170005
201105170006
201105170007
201105170010
201105170011
201105170012
201105170013
201105170014
201105170015
201105170017
201105170018
201105170019
201105170020
201105170021
201105180001
201105180003
201105180004
201105180008
201105180009
201105180010
201105180011
201105180012
201105180015
201105180017
201105190001
201105190002
201105190003
201105190004
201105190005
201105190007
201105190008
201105190009
201105190012
201105190013
201105190014
201105190015
201105190016
201105190017
201105190018
201105200001
201105200002
201105200003  201105200004
201105200004  201105200003
201105200005
201105200007  201105200008
201105200008  201105200007
201105200009
201105200010
201105200011
201105200012
201105200013
201105200014
201105200015
201105200016
201105200017
201105210001
201105210002
201105210003
201105210004
201105210005  201105210006
201105210006  201105210005
201105210007
201105210008
201105210009
201105210010
201105210011
201105210012
201105210013
201105210014
201105220001
201105220002
201105220003
201105220004
201105220005  201105220006
201105220006  201105220005
201105220007
201105220008
201105220009
201105220010
201105220011
201105220012
201105220013
201105220014
201105220015
201105220017
201105220018
201105220019
201105220020
201105220021
201105230001
201105230002
201105230003
201105230004
201105230006
201105230007
201105230008
201105230009
201105230010
201105230011
201105230012
201105240001
201105240002
201105240003
201105240004
201105240005
201105240009
201105240010
201105240011
201105240012
201105240013
201105240016
201105240017
201105250001
201105250004
201105250005
201105250006
201105250007
201105250008
201105250009
201105250010
201105250011
201105250012
201105250013
201105250014
201105250015
201105250016
201105250017
201105250018
201105250019
201105260001
201105260002
201105260003
201105260005
201105260006
201105260007
201105260008
201105260009
201105260010
201105260011
201105260012
201105270001
201105270002
201105270003
201105270004  201105270005
201105270005  201105270004
201105270008
201105270010
201105270011
201105270012  201105270013
201105270013  201105270012
201105280003
201105280004
201105280005
201105280006
201105280007
201105280008
201105290001
201105290002
201105290003
201105290004
201105290005  201105290006  201105290007
201105290006  201105290005  201105290007
201105290007  201105290005  201105290006
201105290008
201105290009
201105290010
201105290011
201105290012
201105290013
201105300002
201105300003
201105300004
201105300005  201105300006
201105300006  201105300005
201105300007
201105300008
201105300009
201105300011
201105300013
201105300014
201105300015
201105310002
201105310003
201105310004
201105310005
201105310006
201105310007
201105310008
201105310009
201105310010  201105310011  201105310012
201105310011  201105310010  201105310012
201105310012  201105310010  201105310011
201105310013
201105310014
201106010001
201106010002
201106010003
201106010005
201106010007
201106010008
201106010009
201106010010
201106010011
201106010012
201106010013
201106010014
201106010015
201106010017
201106010020
201106010022  201106010023
201106010023  201106010022
201106010024
201106010025
201106010026
201106010027  201106010028  201106010029
201106010028  201106010027  201106010029
201106010029  201106010027  201106010028
201106010030
201106010031
201106010032
201106010033
201106020001
201106020004
201106020005
201106020008
201106020009
201106020010
201106020011  201106020016  201106020017  201106020018
201106020012
201106020013
201106020015
201106020016  201106020011  201106020017  201106020018
201106020017  201106020011  201106020016  201106020018
201106020018  201106020011  201106020016  201106020017
201106020019
201106020020
201106020021
201106030001
201106030002
201106030003
201106030010
201106030011
201106030012
201106030013  201106030014
201106030014  201106030013
201106030015
201106030016
201106030017
201106030018
201106030019
201106030020
201106040001
201106040002
201106040003
201106040004
201106040005
201106040006
201106040007
201106050001
201106050002
201106050003
201106050004
201106050005
201106050007
201106050008
201106050009
201106050010
201106050012
201106050013
201106050014
201106050015
201106050017
201106050018
201106050019
201106050020
201106050021
201106050023
201106060001
201106060002
201106060003
201106060004
201106060006
201106060008
201106060009
201106060010
201106060011
201106060012
201106060013
201106060014
201106060015
201106060016
201106060017
201106060018
201106060019
201106060020
201106060021
201106060022
201106060023
201106070001
201106070002
201106070003
201106070004
201106070005
201106070006
201106070007
201106070008
201106070009
201106070011
201106070012
201106070013
201106070014
201106070015
201106070016
201106070017
201106080002
201106080003
201106080004
201106080005
201106080006
201106080009
201106080010
201106080012
201106080013
201106080014
201106080015
201106080016
201106080017
201106080018
201106080019
201106080020  201106080021
201106080021  201106080020
201106090001
201106090003
201106090004
201106090005
201106090006
201106090008
201106090009
201106090010
201106090011
201106090013
201106100001
201106100003
201106100004
201106100006
201106100007
201106100008
201106100009
201106100010
201106100011
201106100012
201106100013
201106110001
201106110002
201106110003
201106110004
201106110005  201106110006
201106110006  201106110005
201106110007
201106110008
201106110009
201106110010
201106110012
201106110013
201106120002
201106120003
201106120004
201106120005
201106120006
201106120007
201106120008
201106120009
201106120011
201106130001
201106130002
201106130003
201106130004
201106130005
201106130006
201106130007
201106130008
201106130009
201106130010
201106130011
201106130012
201106130013
201106130014
201106130015
201106130016
201106130017
201106130019
201106140001
201106140002
201106140003
201106140004
201106140005
201106140006
201106140007
201106140009
201106140010
201106140012
201106150001
201106150002
201106150003
201106150004
201106150005
201106160001
201106160003  201106160004  201106160005  201106160006
201106160004  201106160003  201106160005  201106160006
201106160005  201106160003  201106160004  201106160006
201106160006  201106160003  201106160004  201106160005
201106160007
201106160008
201106160009
201106160010
201106160011
201106160012
201106160013
201106160014
201106160015
201106160016
201106160017
201106160018
201106160019
201106160020
201106160021
201106160022
201106170001
201106170002
201106170004
201106170006
201106170007
201106180001
201106180002
201106180004
201106180005
201106180008
201106180009
201106190001
201106190003
201106190004  201106190005
201106190005  201106190004
201106190009
201106190011
201106190012
201106190013
201106200001
201106200002
201106200003
201106200005
201106200006
201106200007
201106200009
201106200010
201106200011
201106200012
201106200013
201106200014
201106200016
201106200017
201106200018
201106200019
201106200020
201106200021
201106200022
201106200023
201106210001
201106210002
201106210004
201106210005
201106210006
201106210007
201106210009
201106210010
201106210011
201106210014
201106210015
201106220001
201106220002
201106220003
201106220005
201106220006
201106220007
201106220008
201106220009
201106220010
201106220011
201106220012
201106220013
201106220014
201106220015
201106220016
201106220017
201106220018
201106220020
201106220021
201106220022
201106230001
201106230003  201106230004
201106230004  201106230003
201106230006
201106230008
201106230009
201106230011
201106230012
201106230013
201106230014
201106230015
201106240001
201106240002
201106240003
201106240004
201106240005
201106240006
201106240007
201106240008
201106240009
201106240010
201106240011
201106240012
201106240013
201106250001
201106250002
201106250003
201106250004
201106250005
201106250006
201106250008
201106250009
201106250011
201106250012
201106260001  201106260002
201106260002  201106260001
201106260003
201106260004
201106260005
201106260007
201106260008
201106260009
201106260010
201106260012
201106260013
201106260016
201106260017
201106260019
201106270001
201106270002
201106270003
201106270004
201106270005
201106270006
201106270008
201106270009
201106270010
201106280001
201106280003
201106280004
201106280005
201106280007
201106280008
201106280009
201106280010
201106280011
201106290001
201106290002
201106290003
201106290004
201106290005
201106290006
201106290007
201106290008
201106290009
201106290010
201106290012
201106290013
201106290014
201106300002
201106300003
201106300004
201106300005
201106300007
201106300008
201106300009
201106300010
201106300011
201106300012
201106300013
201106300014
201106300015
201106300016
201106300017
201106300018
201106300019
201106300020
201107010002
201107010003
201107010004
201107010005
201107010006
201107010007
201107010008
201107010010
201107010011
201107010012
201107020001
201107020003
201107020004
201107020005
201107020006
201107020007
201107020008
201107020009
201107020011
201107020012
201107020013
201107020014
201107020015
201107020016
201107030001
201107030002
201107030003
201107030004
201107030005
201107030006
201107030007
201107030008
201107030009
201107030010
201107030011
201107030012
201107030013
201107030014
201107030015
201107030016
201107030017
201107030018
201107040002
201107040004
201107040005
201107040006
201107040007
201107040008
201107040010
201107040011
201107040012
201107040014
201107040015
201107040017
201107040018
201107040019
201107040020
201107040021
201107040022
201107040023
201107040025
201107040026
201107040027  201107040028
201107040028  201107040027
201107050001
201107050002
201107050003
201107050004
201107050005
201107050006
201107050007  201107050008
201107050008  201107050007
201107050010
201107050011
201107050012
201107050013
201107050014
201107050015
201107050016
201107050017
201107050018
201107050019
201107050020
201107060001
201107060002
201107060003  201107060004
201107060004  201107060003
201107060005
201107060006
201107060008
201107060009
201107060010
201107060011
201107060012
201107060013
201107060014
201107060015
201107060016
201107060017
201107070001
201107070002
201107070003
201107070004
201107070005
201107070007
201107070008
201107070009
201107070010
201107070011
201107070012
201107070013  201107070014
201107070014  201107070013
201107070015
201107080001
201107080003
201107080004
201107080005
201107080007
201107080008
201107080009
201107080010
201107080011  201107080012  201107080013
201107080012  201107080011  201107080013
201107080013  201107080011  201107080012
201107090003
201107090004
201107090005
201107090006
201107090007
201107090008
201107090009
201107090010
201107090012
201107090013
201107100001
201107100002
201107100003
201107100004
201107100005
201107100007
201107100008
201107100009
201107100010
201107100011
201107100012
201107110002
201107110003
201107110004
201107110005
201107110006
201107110007
201107110008
201107110010
201107110011
201107110012
201107110013
201107120001
201107120002  201107120003  201107120004
201107120003  201107120002  201107120004
201107120004  201107120002  201107120003
201107120006
201107120007
201107120008
201107120009
201107120012
201107120014
201107120016
201107120017
201107120018
201107120020
201107120021
201107120022
201107120023  201107120024  201107120026
201107120024  201107120023  201107120026
201107120025
201107120026  201107120023  201107120024
201107130001
201107130002
201107130003
201107130004
201107130005
201107130006
201107130007
201107130008
201107130009  201107130010  201107130011
201107130010  201107130009  201107130011
201107130011  201107130009  201107130010
201107130012
201107130016
201107130017
201107130018
201107130019
201107140001
201107140002
201107140003
201107140004
201107140009
201107140011
201107140013
201107140014
201107140015
201107140016
201107150001
201107150002
201107150003
201107150004
201107150005
201107150006
201107150009
201107150010
201107150011
201107160001
201107160002
201107160003
201107160004
201107160006
201107160007
201107160008
201107160009
201107160010
201107170001
201107170002
201107170003
201107170006
201107170007
201107180001
201107180002
201107180003
201107180004
201107180005
201107180006
201107180007
201107180008
201107180009
201107190001
201107190002
201107190003  201107190004
201107190004  201107190003
201107190005
201107190009
201107190010
201107190011
201107190012
201107190013  201107190014
201107190014  201107190013
201107200001
201107200002
201107200003
201107200004
201107200006
201107200007
201107200008
201107200009
201107200010
201107210001
201107210002
201107210004
201107210005
201107210006  201107210007
201107210007  201107210006
201107210008
201107210010
201107210011
201107210012  201107210013
201107210013  201107210012
201107210014
201107210015
201107210016
201107210017
201107210018
201107220001
201107220002
201107220003
201107220004
201107220005
201107220006
201107220007
201107220008
201107220009
201107220010
201107220011  201107220012
201107220012  201107220011
201107220013
201107220014
201107220015  201107230003
201107220016
201107220017
201107220018
201107220019
201107220020
201107230001
201107230002
201107230003  201107220015
201107230004
201107230005
201107230006
201107230007
201107230008
201107230009
201107230010
201107230011
201107230013
201107240001
201107240002
201107240003
201107240006
201107240007
201107240009
201107240010
201107240011
201107250002
201107250003
201107250004
201107250005
201107250006
201107250007
201107250008
201107250010
201107250011  201107250012
201107250012  201107250011
201107250013
201107250014
201107250015
201107250016
201107260002
201107260003
201107260004
201107260006
201107260007
201107260008
201107260009
201107260010
201107260011
201107260012
201107270001
201107270002
201107270003
201107270004
201107270005
201107270006
201107270007
201107270009
201107270011
201107270012
201107270013
201107270014
201107270015
201107280002
201107280003
201107280004
201107280006  201107280007  201107280008
201107280007  201107280006  201107280008
201107280008  201107280006  201107280007
201107280009
201107280010
201107280011
201107280012
201107290001
201107290002
201107290003
201107290004
201107290005
201107290006
201107290007
201107290008
201107290009
201107290010
201107290011
201107290012
201107290013
201107300004
201107300005
201107300006
201107300007
201107300008
201107300009
201107300010
201107300012
201107300013
201107310001
201107310002
201107310003
201107310004
201107310005
201107310006
201107310008
201107310010
201107310011
201108010001
201108010002
201108010003
201108010004  201108010005
201108010005  201108010004
201108010006
201108010007
201108010008
201108010009
201108010010
201108010011
201108020001
201108020002
201108020003
201108020005
201108020006
201108020007
201108020008
201108020009
201108020010
201108020011
201108020012
201108020013
201108020014
201108030001
201108030002
201108030003
201108030004
201108030005
201108030008
201108030009
201108040001
201108040002
201108040003
201108040004
201108040005
201108040006
201108040007
201108040008
201108040009
201108040010
201108050001
201108050002
201108050003
201108050004
201108050005
201108050006
201108060002
201108060003
201108060004
201108060005
201108070001
201108070002
201108070003
201108070004
201108070005
201108070006
201108070007
201108070008
201108070009
201108070010
201108070011
201108080001
201108080002
201108080003
201108080005
201108080007
201108080008
201108080009
201108090002
201108100002
201108100003
201108100004
201108100005
201108100006
201108100007
201108100008
201108100009
201108100010
201108100012
201108110001
201108110002
201108110003
201108110004
201108110005
201108110006
201108110007
201108110008
201108110009
201108110013
201108120001
201108120002
201108120003
201108120005
201108120006
201108120007
201108120008
201108120009
201108120010
201108130001
201108130002
201108130004
201108130005
201108130006
201108130008
201108130009
201108130010
201108130011
201108140001
201108140002
201108140005
201108140006
201108140007
201108140008
201108140009
201108140010
201108140011
201108140012
201108140013
201108140014
201108140016
201108140017
201108140018
201108150001
201108150002
201108150003
201108150004
201108150005
201108150007
201108150008
201108150009
201108150010
201108150011
201108150012
201108150013
201108150014
201108150016
201108150017
201108150020
201108150021
201108150022
201108150023
201108150024
201108150025
201108150026
201108150027
201108160001
201108160002
201108160003
201108160004
201108160005
201108160006
201108160007
201108160008  201108160009
201108160009  201108160008
201108160010
201108160011
201108160012
201108170001
201108170002
201108170003
201108170004
201108170005
201108170007
201108170008
201108170009
201108170010
201108170011
201108170012
201108170014
201108180001
201108180002
201108180004  201108180005
201108180005  201108180004
201108180006
201108180008
201108180010
201108180013  201108180014
201108180014  201108180013
201108180015  201108180016
201108180016  201108180015
201108180018
201108180019
201108180022
201108180023  201108180024  201108180025  201108180026
201108180024  201108180023  201108180025  201108180026
201108180025  201108180023  201108180024  201108180026
201108180026  201108180023  201108180024  201108180025
201108180028
201108180029
201108180030
201108180031
201108190001
201108190002
201108190007  201108190008  201108190009
201108190008  201108190007  201108190009
201108190009  201108190007  201108190008
201108190013
201108190014
201108190015
201108190016
201108190017
201108200001
201108200002
201108200003
201108200004
201108200008
201108200009
201108200010
201108200011
201108200013
201108200014
201108200016
201108200017
201108210001
201108210002
201108210003  201108210004
201108210004  201108210003
201108210006
201108210008
201108210009
201108210010
201108210011  201108210012
201108210012  201108210011
201108210013
201108210015
201108210018
201108210019
201108220001
201108220002
201108220003
201108220004
201108220005
201108220006
201108220007
201108220009
201108220010
201108220011
201108230001
201108230002
201108230003
201108230005
201108230006  201108230007  201108240007
201108230007  201108230006  201108240007
201108230008
201108230009
201108230010
201108240001
201108240002
201108240003
201108240004
201108240005
201108240006
201108240007  201108230006  201108230007
201108240008
201108240009
201108240010
201108240011
201108240012
201108240013
201108240014
201108240016  201108240017
201108240017  201108240016
201108240018
201108240020
201108240021
201108240023
201108240024
201108240025
201108240026
201108240028
201108240029
201108240030
201108240031
201108240034  201108240035  201108240036
201108240035  201108240034  201108240036
201108240036  201108240034  201108240035
201108250001  201108250002
201108250002  201108250001
201108250003
201108250004
201108250005
201108250006
201108250007
201108250008
201108250010
201108250011
201108250012
201108250013  201108250014
201108250014  201108250013
201108250015
201108250016
201108250017
201108260001  201108260005
201108260003
201108260004
201108260005  201108260001
201108260006
201108260012
201108260013
201108270001
201108270002
201108270003
201108270005
201108270006
201108270007
201108270008
201108270009
201108270010
201108270011
201108270012
201108270013
201108270014
201108280001
201108280002
201108280003
201108280004
201108280005
201108280006
201108280008
201108280009
201108280010
201108280011
201108280012
201108280013
201108280017
201108280018
201108280019
201108280020
201108290003
201108290004
201108290005
201108290006
201108290007
201108300001
201108300002
201108300003
201108300006
201108310001
201108310002
201108310003
201109010001
201109010006
201109010007
201109010009
201109010010
201109010011
201109010012
201109010013
201109010016
201109010017
201109010018
201109020002
201109020003
201109020007
201109020008
201109030002
201109030003
201109030005
201109030006
201109030008
201109040001
201109040002
201109040005
201109040006
201109040007
201109040008
201109040009
201109040010
201109040012
201109040013
201109040015
201109050001
201109050002
201109050003
201109050004
201109050005
201109050007
201109050008
201109050009
201109050010
201109050013
201109050016
201109050017
201109050018
201109050019
201109050020
201109060001
201109060002
201109060003
201109060004
201109060005
201109060006
201109060007
201109060008
201109060009
201109060011
201109060012
201109060014
201109070001
201109070003
201109070004
201109070005
201109070006  201109070007
201109070007  201109070006
201109070008
201109070009
201109070010  201109070011
201109070011  201109070010
201109070012
201109070013
201109070014
201109070016
201109070018
201109070019
201109070021
201109070023
201109070024
201109070025
201109070026
201109070028
201109080001
201109080003
201109080004
201109080006
201109090001
201109090002
201109090004
201109090005
201109090006
201109090007
201109100001
201109100002
201109100004
201109100006
201109100007
201109100008
201109100010
201109100011
201109100012
201109100014
201109110001
201109110002
201109110003
201109110004
201109110005
201109110006
201109110007
201109110008
201109110009
201109110013
201109120001
201109120002
201109120003
201109120004
201109120005
201109120006
201109120007
201109120008
201109120009
201109120010
201109120011
201109120012
201109120013
201109120015
201109120016
201109130001
201109130002
201109130003
201109130004
201109130005
201109130006
201109130007
201109130008  201109130009  201109130010
201109130009  201109130008  201109130010
201109130010  201109130008  201109130009
201109130012
201109130013
201109130015
201109140001
201109140002
201109140003
201109140005
201109140006
201109140007
201109140008
201109140009
201109140010
201109140011
201109140012
201109140013
201109140015
201109150001
201109150002  201109150003
201109150003  201109150002
201109150004
201109150006
201109150007
201109150010
201109150012
201109150013
201109160001
201109160002  201109160003  201109160004
201109160003  201109160002  201109160004
201109160004  201109160002  201109160003
201109160005
201109160006
201109160008
201109160009
201109160010
201109160011
201109160012
201109160014
201109160015
201109170001
201109170002
201109170003
201109170004
201109170007
201109170008
201109180001
201109180002
201109180003
201109180004
201109180005
201109180006
201109190001
201109190003
201109190005
201109190006
201109190007
201109190008
201109190009
201109190012
201109190013
201109190014
201109190015
201109190016
201109200001
201109200002
201109200003
201109200004
201109200005
201109200006
201109200007
201109200008
201109200009
201109200010
201109200011
201109200012
201109200013
201109200014
201109200015
201109210001
201109210003
201109210004
201109210005
201109210006
201109210007
201109210008
201109210009
201109210010
201109210012
201109210013
201109220001  201109220006
201109220002
201109220003
201109220005
201109220001  201109220006
201109220007
201109220008
201109220009
201109230001
201109230003
201109230004
201109230005
201109230007  201109230008  201109230009  201109230010
201109230008  201109230007  201109230009  201109230010
201109230009  201109230007  201109230008  201109230010
201109230010  201109230007  201109230008  201109230009
201109230011  201109230012  201109230013  201109230014  201109230015
201109230012  201109230011  201109230013  201109230014  201109230015
201109230013  201109230011  201109230012  201109230014  201109230015
201109230014  201109230011  201109230012  201109230013  201109230015
201109230015  201109230011  201109230012  201109230013  201109230014
201109230016
201109230017
201109230018
201109230019
201109230021
201109230022
201109230023
201109240002
201109240003
201109240004
201109240005
201109250001
201109250002
201109250003
201109250004
201109250006
201109250007
201109250008
201109250009
201109250010  201109250011  201109250012
201109250011  201109250010  201109250012
201109250012  201109250010  201109250011
201109250015
201109250016
201109250017
201109250018
201109260001
201109260002
201109260004
201109260005
201109260006
201109260007
201109260008
201109260009
201109260010
201109260011
201109260012
201109260013
201109260014
201109270001
201109270002
201109270003
201109270004
201109270005
201109270006
201109270007
201109270008
201109270009
201109270012
201109270013
201109270014
201109270015
201109270016
201109270017
201109270018
201109270019
201109270020
201109270021
201109270022
201109270024
201109270025
201109270026
201109270027
201109270029
201109270030
201109270031
201109280001
201109280002
201109280003
201109280004
201109280005
201109280007
201109280008
201109280009
201109280010
201109280011
201109280012
201109280013
201109280014
201109290001
201109290002
201109290003
201109290004
201109290006
201109290007
201109290008
201109290009
201109290011
201109290013
201109300001
201109300002
201109300003
201109300004
201109300005
201109300006
201109300007
201109300008
201110010001
201110010002
201110010003
201110010004
201110010005
201110010006
201110010007
201110010008  201110010009
201110010009  201110010008
201110010010
201110010011
201110010012
201110010013
201110010014
201110010015
201110010016
201110010017
201110020002
201110020003
201110020004
201110020005
201110020006
201110020008
201110020009
201110020010
201110020011
201110020012
201110020013
201110020014
201110020015
201110020016
201110030001
201110030002
201110030003
201110030004
201110030005
201110030006
201110030008
201110030009
201110030010
201110030011
201110030013
201110030014  201110030015
201110030015  201110030014
201110040001
201110040002
201110040003
201110040004
201110040005
201110040007
201110040008
201110040009
201110040011
201110040012
201110050002
201110050003
201110050004
201110050005
201110050006
201110050007
201110050008
201110050010
201110060002
201110060003
201110060004
201110060005
201110060006
201110060007
201110060008
201110060009
201110060010
201110060011
201110060012
201110070001
201110070002
201110070003
201110070004
201110070005
201110070006
201110070007
201110070008
201110070009
201110070010
201110070011
201110070012
201110070013
201110070014
201110070015
201110070016  201110070017  201110070018
201110070017  201110070016  201110070018
201110070018  201110070016  201110070017
201110080001
201110080003
201110080004
201110080005
201110080006
201110080007
201110080008
201110090001
201110090002
201110090003
201110090004
201110090006
201110090007
201110090008
201110090009
201110090010
201110090011
201110090012
201110100001
201110100002
201110100003
201110100005
201110100006
201110100007
201110100008
201110100010
201110100011
201110100012
201110100013
201110100014
201110100015
201110100016
201110100017
201110110001
201110110002
201110110003
201110110004
201110110005
201110110006
201110110007
201110110009
201110110010
201110110011
201110110012
201110110013
201110120001
201110120002
201110120003
201110120005
201110120006
201110120007
201110120008
201110120009
201110120010
201110120011
201110120012
201110120014
201110120015
201110120016
201110120017
201110120018
201110120019
201110130001
201110130002
201110130003
201110130004
201110130005
201110130006
201110130007
201110130008
201110130009
201110130010
201110140001
201110140002
201110140003
201110140004
201110140005
201110140006
201110140007
201110140008
201110140009
201110140010
201110140011
201110140012
201110150002
201110150003
201110150004
201110150005
201110150006
201110150007
201110150008
201110150010
201110150011
201110150012
201110160001
201110160003
201110160004  201110160005
201110160005  201110160004
201110160006
201110160007
201110160008
201110170003
201110170004
201110170005
201110170006
201110170007
201110170008
201110170009
201110170010
201110170011
201110170012
201110170013
201110170014
201110170015
201110180002
201110180003
201110180004
201110180005
201110180006  201110180007
201110180007  201110180006
201110180008
201110180009
201110180010
201110180011
201110180012
201110180013
201110180014
201110180015
201110180016
201110180017
201110180018
201110180019
201110190001
201110190002
201110190003
201110190004
201110190005
201110190006
201110190008
201110190009
201110190010
201110190011
201110190012
201110190013
201110190014
201110200001
201110200003
201110200005
201110200006
201110200007
201110200008
201110200009
201110200010
201110210001
201110210002
201110210004
201110210005
201110220001
201110220002
201110220003
201110220004
201110220005
201110220006
201110220007
201110220008
201110220009
201110220010
201110220011
201110230001
201110230002
201110230003
201110230004
201110230005
201110230006
201110230007
201110230008
201110230009  201110230010
201110230010  201110230009
201110230011
201110230012  201110230013
201110230013  201110230012
201110240001
201110240002
201110240003
201110240004
201110240005
201110240006
201110240007
201110240008
201110240009
201110240010
201110240011
201110240012
201110240013
201110240014
201110250001
201110250002
201110250003
201110250004
201110250007
201110250008
201110250009
201110250011
201110250012
201110250013
201110250015
201110250016
201110250017
201110250018  201110250019  201110250020  201110250021  201110250022  201110250023  201110250024  201110250025  201110250026  201110250027  201110250028  201110250029  201110250030  201110250031  201110250032  201110250033
201110250019  201110250018  201110250020  201110250021  201110250022  201110250023  201110250024  201110250025  201110250026  201110250027  201110250028  201110250029  201110250030  201110250031  201110250032  201110250033
201110250020  201110250018  201110250019  201110250021  201110250022  201110250023  201110250024  201110250025  201110250026  201110250027  201110250028  201110250029  201110250030  201110250031  201110250032  201110250033
201110250021  201110250018  201110250019  201110250020  201110250022  201110250023  201110250024  201110250025  201110250026  201110250027  201110250028  201110250029  201110250030  201110250031  201110250032  201110250033
201110250022  201110250018  201110250019  201110250020  201110250021  201110250023  201110250024  201110250025  201110250026  201110250027  201110250028  201110250029  201110250030  201110250031  201110250032  201110250033
201110250023  201110250018  201110250019  201110250020  201110250021  201110250022  201110250024  201110250025  201110250026  201110250027  201110250028  201110250029  201110250030  201110250031  201110250032  201110250033
201110250024  201110250018  201110250019  201110250020  201110250021  201110250022  201110250023  201110250025  201110250026  201110250027  201110250028  201110250029  201110250030  201110250031  201110250032  201110250033
201110250025  201110250018  201110250019  201110250020  201110250021  201110250022  201110250023  201110250024   201110250026  201110250027  201110250028  201110250029  201110250030  201110250031  201110250032  201110250033
201110250026  201110250018  201110250019  201110250020  201110250021  201110250022  201110250023  201110250024  201110250025  201110250027  201110250028  201110250029  201110250030  201110250031  201110250032  201110250033
201110250027  201110250018  201110250019  201110250020  201110250021  201110250022  201110250023  201110250024  201110250025  201110250026  201110250028  201110250029  201110250030  201110250031  201110250032  201110250033
201110250028  201110250018  201110250019  201110250020  201110250021  201110250022  201110250023  201110250024  201110250025  201110250026  201110250027  201110250029  201110250030  201110250031  201110250032  201110250033
201110250029  201110250018  201110250019  201110250020  201110250021  201110250022  201110250023  201110250024  201110250025  201110250026  201110250027  201110250028  201110250030  201110250031  201110250032  201110250033
201110250030  201110250018  201110250019  201110250020  201110250021  201110250022  201110250023  201110250024  201110250025  201110250026  201110250027  201110250028  201110250029  201110250031  201110250032  201110250033
201110250031  201110250018  201110250019  201110250020  201110250021  201110250022  201110250023  201110250024  201110250025  201110250026  201110250027  201110250028  201110250029  201110250030  201110250032  201110250033
201110250032  201110250018  201110250019  201110250020  201110250021  201110250022  201110250023  201110250024  201110250025  201110250026  201110250027  201110250028  201110250029  201110250030  201110250031  201110250033
201110250033  201110250018  201110250019  201110250020  201110250021  201110250022  201110250023  201110250024  201110250025  201110250026  201110250027  201110250028  201110250029  201110250030  201110250031  201110250032
201110250034
201110260001
201110260002
201110260003
201110260004
201110260005
201110260009
201110260012
201110260013
201110260014
201110260015
201110260016
201110260017
201110260018
201110260020
201110260021
201110260022
201110260023  201110260024
201110260024  201110260023
201110260025
201110260028
201110270001
201110270002
201110270003
201110270004
201110270005
201110270006  201110270007
201110270007  201110270006
201110270008
201110270010
201110270011
201110270012
201110270013
201110270014
201110270015
201110270017
201110280001
201110280003
201110280004
201110280005
201110280007
201110280008
201110280009
201110290001
201110290003
201110290004
201110290005
201110290006
201110290008
201110290009
201110290010
201110290011
201110290012
201110290013
201110290014
201110300001
201110300002
201110300003
201110300004
201110300007
201110300009
201110300010
201110300011
201110300012
201110300013
201110300014
201110300015
201110300017
201110300019
201110300020
201110300022
201110300023
201110300024
201110310001
201110310002
201110310003
201110310004
201110310005
201110310006
201110310007
201110310013
201110310014
201110310015
201110310016
201110310017
201110310020
201110310021
201111000001
201111010001
201111010003  201111010057
201111010005
201111010006
201111010009
201111010010
201111010011
201111010013
201111010030
201111010034
201111010035
201111010047
201111010048
201111010054
201111010055
201111010056
201111010057  201111010003
201111020001
201111020002
201111020003
201111020004
201111020005
201111020006
201111020007
201111020014
201111020015
201111020017
201111020018
201111020019
201111020022
201111020029
201111020035
201111020036
201111020037
201111020038
201111020039
201111020042
201111020043
201111020048
201111020051
201111020054
201111030001
201111030003
201111030004
201111030005
201111030009
201111030010
201111030011
201111030012
201111030014
201111030016
201111030017
201111030018
201111030020
201111030027
201111030033
201111030037
201111030039
201111030041
201111030047
201111030053
201111030057
201111040002
201111040005
201111040008
201111040012  201111040013  201111040014  201111040015  201111040016  201111040017  201111040018  201111040019  201111040020  201111040021
201111040013  201111040012  201111040014  201111040015  201111040016  201111040017  201111040018  201111040019  201111040020  201111040021
201111040014  201111040012  201111040013  201111040015  201111040016  201111040017  201111040018  201111040019  201111040020  201111040021
201111040015  201111040012  201111040013  201111040014  201111040016  201111040017  201111040018  201111040019  201111040020  201111040021
201111040016  201111040012  201111040013  201111040014  201111040015  201111040017  201111040018  201111040019  201111040020  201111040021
201111040017  201111040012  201111040013  201111040014  201111040015  201111040016  201111040018  201111040019  201111040020  201111040021
201111040018  201111040012  201111040013  201111040014  201111040015  201111040016  201111040017  201111040019  201111040020  201111040021
201111040019  201111040012  201111040013  201111040014  201111040015  201111040016  201111040017  201111040018  201111040020  201111040021
201111040020  201111040012  201111040013  201111040014  201111040015  201111040016  201111040017  201111040018  201111040019  201111040021
201111040021  201111040012  201111040013  201111040014  201111040015  201111040016  201111040017  201111040018  201111040019  201111040020
201111040022  201111040026
201111040023  201111040024  201111040025
201111040024  201111040023  201111040025
201111040025  201111040023  201111040024
201111040026  201111040022
201111040030
201111040031
201111040033
201111040040
201111040047
201111040051
201111040053
201111050001
201111050007
201111050009
201111050010
201111050011
201111050012
201111050013
201111050014
201111050015
201111050016
201111050017
201111050018
201111050019
201111050020
201111050022
201111050023
201111050024
201111050025
201111050029
201111050030
201111050032
201111050033
201111050035
201111050036
201111050037
201111050038
201111050039
201111050040
201111050045
201111050046
201111050058
201111050059
201111050060
201111060001
201111060002
201111060004
201111060005
201111060006
201111060008
201111060009
201111060010
201111060012
201111060013
201111060014
201111060023
201111060024
201111060028
201111060030
201111060032
201111060035
201111060036
201111060046
201111060047
201111060054
201111070001
201111070003
201111070004
201111070006
201111070008
201111070009
201111070010
201111070011
201111070012
201111070019
201111070022
201111070025
201111070027
201111070028
201111070030
201111070031
201111070036
201111080001
201111080003
201111080004
201111080006
201111080007
201111080008
201111080009
201111080010
201111080011
201111080012
201111080021
201111080023
201111080025
201111080026
201111080027
201111080028
201111080031
201111080032
201111080033
201111080035
201111080038
201111080042
201111080051
201111080056
201111080062  201111090052
201111090001
201111090002
201111090005
201111090006
201111090007
201111090008
201111090012  201111090013
201111090013  201111090012
201111090016
201111090017
201111090018
201111090019
201111090021
201111090022
201111090024
201111090033
201111090038
201111090042
201111090046
201111090052  201111080062
201111100002
201111100004
201111100010
201111100011
201111100013
201111100017
201111100021
201111100026
201111100027
201111100028
201111100031
201111100036
201111100039
201111100040
201111100041
201111100043
201111110002
201111110003
201111110004
201111110005
201111110006
201111110008
201111110009
201111110010
201111110012
201111110016  201111110043
201111110019
201111110020
201111110021
201111110028
201111110043  201111110016
201111120003
201111120004
201111120007
201111120009
201111120010
201111120011
201111120012
201111120013
201111120014
201111120015
201111120016
201111120019
201111120020
201111120024
201111120028
201111120030
201111120043
201111120046
201111120049
201111120058
201111120059
201111120060
201111130001
201111130002
201111130003
201111130005
201111130006
201111130008
201111130009
201111130011
201111130016
201111130017
201111130021  201111130022  201111130047
201111130022  201111130021  201111130047
201111130025
201111130027
201111130040
201111130042
201111130046
201111130047  201111130021  201111130022
201111130050
201111130051
201111130054
201111130065
201111140002
201111140003
201111140004
201111140005
201111140006
201111140007
201111140008
201111140011
201111140012
201111140014
201111140015
201111140016
201111140017
201111140018
201111140019
201111140020
201111140021
201111140022
201111140023
201111140024
201111140025
201111140027
201111140028
201111140029
201111140030
201111140031
201111140032
201111140034  201111140074
201111140035
201111140036
201111140043
201111140047
201111140054
201111140059
201111140070
201111140074  201111140034
201111150001
201111150002
201111150004
201111150006
201111150007
201111150008
201111150009
201111150010
201111150011
201111150012
201111150014
201111150019
201111150020
201111150023
201111150025
201111150027
201111150029
201111150030
201111150031
201111150032
201111150034
201111150035
201111150042
201111150050
201111150054
201111150061
201111160001
201111160002
201111160003
201111160004
201111160008
201111160009
201111160010
201111160011
201111160012
201111160013
201111160014
201111160015
201111160016
201111160019
201111160020
201111160021  201111160022
201111160022  201111160021
201111160026
201111160028
201111160030
201111160031
201111160035
201111160040  201111160041  201111160042
201111160041  201111160040  201111160042
201111160042  201111160040  201111160041
201111160043
201111160044
201111160051
201111160055
201111160057
201111160060
201111160067  201111160068  201111160071  201111160072  201111160073  201111160074  201111160075  201111160076
201111160068  201111160067  201111160071  201111160072  201111160073  201111160074  201111160075  201111160076
201111160070
201111160071  201111160067  201111160068  201111160072  201111160073  201111160074  201111160075  201111160076
201111160072  201111160067  201111160068  201111160071  201111160073  201111160074  201111160075  201111160076
201111160073  201111160067  201111160068  201111160071  201111160072  201111160074  201111160075  201111160076
201111160074  201111160067  201111160068  201111160071  201111160072  201111160073  201111160075  201111160076
201111160075  201111160067  201111160068  201111160071  201111160072  201111160073  201111160074  201111160076
201111160076  201111160067  201111160068  201111160071  201111160072  201111160073  201111160074  201111160075
201111170001
201111170006
201111170007
201111170008
201111170009
201111170010
201111170013
201111170014
201111170015
201111170016
201111170019
201111170028  201111170029  201111170030
201111170029  201111170028  201111170030
201111170030  201111170028  201111170029
201111170033
201111170044
201111170046
201111170048
201111180001
201111180002
201111180004
201111180005
201111180006  201111180008  201111180009
201111180008  201111180006  201111180009
201111180009  201111180006  201111180008
201111180012
201111180018
201111180019
201111180021
201111180024
201111180025
201111180037
201111180038
201111180039
201111190001
201111190002
201111190004
201111190009
201111190010
201111190011
201111190012
201111190013
201111190014
201111190016
201111190017
201111190018
201111190021
201111190022
201111190023
201111190026
201111190029
201111190030
201111200001
201111200003
201111200004
201111200005
201111200008
201111200009
201111200010
201111200013
201111200014
201111200018
201111200020
201111200021
201111200023
201111200029
201111200037
201111200038
201111200039
201111200040
201111200042
201111200045
201111200047
201111200050
201111200051
201111200052
201111200054
201111200055
201111200056
201111210002
201111210003
201111210004
201111210005
201111210006
201111210007
201111210008
201111210010
201111210011
201111210029
201111210031
201111210032
201111210033
201111210034
201111210036
201111210038
201111210041
201111210042
201111210044
201111210045
201111210046
201111210048
201111220002
201111220004
201111220005
201111220006
201111220007
201111220011
201111220012
201111220013
201111220015
201111220016
201111220020
201111220023
201111220025
201111220026
201111220027
201111220029
201111220032
201111230001
201111230015
201111230017
201111230018
201111230022
201111230027
201111230028
201111230031
201111240002
201111240004
201111240005
201111240007
201111240009
201111240014
201111240015
201111240017
201111240018
201111240020
201111240022
201111240024  201111240025
201111240025  201111240024
201111240026
201111240030
201111240033
201111240035
201111240036
201111240044
201111240047
201111240052
201111240054
201111250002
201111250003
201111250005
201111250006
201111250009
201111250010
201111250011
201111250012
201111250013
201111250014
201111250016
201111250017
201111250018
201111250020
201111250026
201111250029
201111250030
201111250031  201111250056  201111250057  201111250058
201111250033
201111250034
201111250035
201111250040
201111250047
201111250053
201111250056  201111250031  201111250057  201111250058
201111250057  201111250031  201111250056  201111250058
201111250058  201111250031  201111250056  201111250057
201111260001
201111260003
201111260004
201111260006
201111260007
201111260008
201111260010
201111260012
201111260013
201111260015
201111260016
201111260017
201111260019
201111260021
201111260024  201111260025  201111260026
201111260025  201111260024  201111260026
201111260026  201111260024  201111260025
201111260027
201111260029
201111260031
201111260048
201111270001
201111270002
201111270009
201111270010
201111270011
201111270012
201111270013
201111270014
201111270015
201111270016
201111270017
201111270022  201111270023
201111270023  201111270022
201111270027  201111270053  201111270054
201111270029
201111270030
201111270032
201111270034
201111270040
201111270044
201111270045
201111270048
201111270051
201111270053  201111270027  201111270054
201111270054  201111270027  201111270053
201111280003
201111280004
201111280005
201111280007
201111280009
201111280013
201111280014
201111280015
201111280017
201111280018
201111280023
201111280024
201111280028
201111280031
201111280032  201111280033
201111280033  201111280032
201111280034  201111280039
201111280037  201111280038  201111280062  201111280063  201111280064
201111280038  201111280037  201111280062  201111280063  201111280064
201111280039  201111280034
201111280055
201111280062  201111280037  201111280038  201111280063  201111280064
201111280063  201111280037  201111280038  201111280062  201111280064
201111280064  201111280037  201111280038  201111280062  201111280063
201111290002
201111290003
201111290004
201111290005
201111290006
201111290007
201111290008
201111290010
201111290011
201111290012
201111290015
201111290021
201111290024
201111290028
201111290032
201111290034
201111290042
201111290044
201111290047
201111300003
201111300004
201111300006
201111300008
201111300009
201111300012
201111300014
201111300015
201111300021
201111300022
201111300023
201111300026
201111300031
201111300033
201111300034
201111300035
201111300036
201112000001
201112000002
201112010005
201112010008
201112010009
201112010010
201112010013
201112010015
201112010016
201112010021
201112010024
201112010025
201112010029
201112010041
201112010045
201112020002  201112020039
201112020006
201112020010
201112020012
201112020014
201112020015
201112020017
201112020023
201112020028
201112020029  201112020040
201112020030
201112020037
201112020039  201112020002
201112020040  201112020029
201112020041
201112030004
201112030005
201112030006
201112030009
201112030010
201112030011
201112030012
201112030013
201112030021
201112030023
201112030036
201112030038
201112030039
201112040002
201112040006
201112040008
201112040011
201112040012
201112040019
201112040023
201112040025
201112040027
201112040029
201112040034
201112040036
201112040040
201112040041
201112040042
201112050001
201112050002
201112050003
201112050005
201112050006
201112050009
201112050011
201112050012  201112050052
201112050013
201112050017
201112050020
201112050021
201112050022  201112060056  201112060057
201112050023
201112050026
201112050028
201112050029
201112050031
201112050033
201112050036
201112050038
201112050045
201112050047
201112050048
201112050049
201112050050
201112050052  201112050012
201112050053
201112050054
201112050055
201112060003
201112060004
201112060005
201112060006
201112060011
201112060012
201112060013
201112060015
201112060016
201112060017
201112060022
201112060024
201112060032
201112060033
201112060034
201112060044
201112060052
201112060056  201112050022  201112060057
201112060057  201112050022  201112060056
201112060058  201112060059
201112060059  201112060058
201112060060
201112060061  201112060067  201112060068
201112060064
201112060066  201112060072
201112060067  201112060061  201112060068
201112060068  201112060061  201112060067
201112060069
201112060070
201112060071
201112060072  201112060066
201112070001
201112070002
201112070003
201112070006
201112070007
201112070009
201112070012
201112070017
201112070021
201112070022
201112070024
201112070029
201112070031
201112070034
201112070036
201112070038
201112070039
201112070040
201112070041
201112080002
201112080003
201112080004
201112080005
201112080014
201112080021
201112080022
201112080023
201112090002
201112090003
201112090005
201112090006
201112090008
201112090009
201112090010
201112090012
201112090023  201112090036
201112090026
201112090031
201112090035
201112090036  201112090023
201112090037
201112100006
201112100007
201112100011
201112100013
201112100019
201112100020
201112100025
201112100026
201112100027
201112100035
201112100036
201112100039
201112100041
201112100044  201112100067  201112100068
201112100045
201112100048
201112100049
201112100060
201112100065
201112100066
201112100067  201112100044  201112100068
201112100068  201112100044  201112100067
201112100069
201112100070
201112110002
201112110004
201112110005  201112110046
201112110018
201112110025
201112110026
201112110033
201112110035
201112110036
201112110037
201112110040
201112110046  201112110005
201112110047
201112110048
201112120003
201112120006
201112120008
201112120010
201112120012
201112120020
201112120022
201112120027
201112120028
201112120029
201112120031
201112130006
201112130007
201112130010
201112130011
201112130025
201112130034
201112130038
201112130041
201112130047
201112130048
201112130054
201112130055
201112130056
201112140002
201112140008
201112140009
201112140010
201112140011  201112140037
201112140012
201112140016
201112140029
201112140037  201112140011
201112140038
201112150003
201112150004
201112150006
201112150007
201112150012
201112150018
201112150020
201112150022
201112150024  201112150027
201112150026
201112150027  201112150024
201112150028
201112160001
201112160002
201112160003
201112160004
201112160012
201112160013  201112160015
201112160015  201112160013
201112160016
201112160017
201112160020
201112170001
201112170003
201112170006
201112170009
201112170010
201112170012
201112170014
201112170016
201112170017
201112170018
201112170021  201112170022  201112170024
201112170022  201112170021  201112170024
201112170024  201112170021  201112170022
201112170026
201112170028
201112170029
201112170034
201112170035
201112180002
201112180003
201112180006
201112180007
201112180010
201112180011
201112180012
201112180028
201112190001
201112190002
201112190003
201112190004
201112190005
201112190007
201112190013
201112190021  201112190030
201112190025
201112190028
201112190029
201112190030  201112190021
201112200005
201112200006
201112200007
201112200011
201112200019
201112200020
201112200021  201112200027
201112200026
201112200027  201112200021
201112210001
201112210002
201112210004
201112210006
201112210007
201112210008
201112210009
201112210021
201112210023
201112210025
201112210026
201112210028
201112210029
201112210031
201112210032
201112210037
201112210040
201112210042
201112220001
201112220003
201112220004
201112220006
201112220008
201112220009
201112220010
201112220011
201112220012
201112220013
201112220014
201112220015
201112220016
201112220017
201112220020
201112220021
201112220022
201112220033
201112220039
201112220042
201112220045
201112220053
201112220064
201112220065
201112230002
201112230003
201112230005
201112230007
201112230009
201112230011  201112230021
201112230017
201112230019
201112230020
201112230021  201112230011
201112230022
201112240002
201112240003
201112240005
201112240013
201112240019
201112240020
201112240025
201112240026
201112250001
201112250003
201112250004
201112250007
201112250010
201112250011
201112250014
201112250021  201112250023  201112250024  201112250025  201112250026  201112250027  201112250028  201112250029
201112250022
201112250023  201112250021  201112250024  201112250025  201112250026  201112250027  201112250028  201112250029
201112250024  201112250021  201112250023  201112250025  201112250026  201112250027  201112250028  201112250029
201112250025  201112250021  201112250023  201112250024  201112250026  201112250027  201112250028  201112250029
201112250026  201112250021  201112250023  201112250024  201112250025  201112250027  201112250028  201112250029
201112250027  201112250021  201112250023  201112250024  201112250025  201112250026  201112250028  201112250029
201112250028  201112250021  201112250023  201112250024  201112250025  201112250026  201112250027  201112250029
201112250029  201112250021  201112250023  201112250024  201112250025  201112250026  201112250027  201112250028
201112260001
201112260008
201112260010
201112270003
201112270005
201112270006
201112270008
201112270013
201112270018
201112270020
201112270024
201112270027
201112270030
201112270034
201112270035
201112270036
201112270038
201112280001
201112280002
201112280003
201112280008
201112280010
201112280019
201112280020
201112290007
201112290009
201112290010
201112290011
201112290014
201112290017
201112290018
201112290025
201112290026
201112290027
201112300006
201112300008
201112300013
201112300014
201112300015
201112300016
201112300019
201112300021
201112300025
201112300026
201112300027
201112300028
201112300029
201112300030
201112310005
201112310008
201112310013
201112310019
201112310021
