200601000008
200601000009
200601000010
200601000011
200601000012
200601000013
200601020002
200601020003
200601020004  200601020005  200601020006
200601020005  200601020004  200601020006
200601020006  200601020004  200601020005
200601020008
200601020009
200601020010
200601020011
200601020012
200601030001  200601030002  200601030003
200601030002  200601030001  200601030003
200601030003  200601030001  200601030002
200601030004
200601030006
200601030007
200601030008
200601030010
200601030011
200601040001
200601040002  200601040003  200601040004
200601040003  200601040002  200601040004
200601040004  200601040002  200601040003
200601040005
200601050002
200601050003
200601050004
200601050005
200601050006
200601050007
200601050008
200601060002
200601060003
200601060004
200601060005
200601060006
200601060008
200601070002
200601070003
200601070004
200601070005
200601070006
200601070007
200601080001  200601080003
200601080002
200601080003  200601080001
200601080004
200601080005
200601090001
200601090002
200601090003
200601100001
200601110001
200601110002
200601110003
200601110004
200601120002
200601120004
200601130001
200601130002
200601140001
200601140002
200601140003  200601140004
200601140004  200601140003
200601140005
200601150001
200601160002
200601160003
200601160004
200601160005
200601160008
200601170001
200601170002
200601170003  200601170004
200601170004  200601170003
200601170006
200601170007
200601170008
200601170009
200601170010
200601180001
200601180002
200601180003
200601180005
200601180006
200601180007
200601180008
200601180009
200601180010
200601180011  200601180012  200601180013  200601180014
200601180012  200601180011  200601180013  200601180014
200601180013  200601180011  200601180012  200601180014
200601180014  200601180011  200601180012  200601180013
200601190001
200601190002  200601190009
200601190003
200601190004
200601190005  200601190006  200601190007
200601190006  200601190005  200601190007
200601190007  200601190005  200601190006
200601190008
200601190009  200601190002
200601190010
200601190011
200601190012
200601190013
200601190014
200601190015
200601200001
200601200002
200601200003
200601200004
200601200005
200601200006  200601200012
200601200007
200601200008
200601200009
200601200010
200601200011
200601200012  200601200006
200601200013
200601210001
200601210002
200601210003
200601210004
200601210005
200601210006  200601210007  200601210008  200601210009  200601210010
200601210007  200601210006  200601210008  200601210009  200601210010
200601210008  200601210006  200601210007  200601210009  200601210010
200601210009  200601210006  200601210007  200601210008  200601210010
200601210010  200601210006  200601210007  200601210008  200601210009
200601210011
200601210013
200601220002
200601220003
200601220004
200601220005
200601220006
200601220007
200601220008
200601220009
200601220010
200601220011
200601220012  200601220013
200601220013  200601220012
200601220014
200601220015
200601220016  200601220017  200601220018
200601220017  200601220016  200601220018
200601220018  200601220016  200601220017
200601230001
200601230002  200601230003
200601230003  200601230002
200601230004  200601230005
200601230005  200601230004
200601230006
200601230007
200601230008
200601230009
200601230010
200601230011
200601230012
200601230013
200601230014
200601230015
200601230016
200601230017
200601230018  200601230019
200601230019  200601230018
200601230020
200601230021
200601230022
200601230023
200601230024
200601240001  200601240002
200601240002  200601240001
200601240003  200601240004
200601240004  200601240003
200601240005
200601240006
200601240007
200601240008
200601240009
200601240010
200601240011
200601240012
200601240013  200601240014  200601240015  200601240016  200601240017
200601240014  200601240013  200601240015  200601240016  200601240017
200601240015  200601240013  200601240014  200601240016  200601240017
200601240016  200601240013  200601240014  200601240015  200601240017
200601240017  200601240013  200601240014  200601240015  200601240016
200601240018  200601240019
200601240019  200601240018
200601240020
200601240021
200601240022
200601240023
200601240024  200601240026  200601240027
200601240025
200601240026  200601240024  200601240027
200601240027  200601240024  200601240026
200601240028
200601250001
200601250002
200601250003
200601250004
200601250005
200601250006
200601250007  200601250008
200601250008  200601250007
200601250009
200601250010
200601260001
200601260002  200601260003
200601260003  200601260002
200601260004
200601260005
200601260006
200601260007
200601260008
200601260009
200601260010
200601270001
200601270002
200601270003
200601270004  200601280003
200601270005
200601270006
200601270007
200601270008
200601270009
200601270010
200601270011
200601270012
200601270013
200601270014
200601270016
200601280001
200601280002
200601280003  200601270004
200601280004
200601280005
200601280006
200601290001
200601290002
200601290003
200601290004
200601290005
200601290006
200601290007
200601290008  200601290009  200601290010 200601290011
200601290009  200601290008  200601290010 200601290011
200601290010  200601290008  200601290009  200601290011
200601290011  200601290008  200601290009  200601290010
200601290012  200601290013
200601290013  200601290012
200601300001
200601300002
200601300003
200601300004
200601300005
200601300006
200601300007
200601300008
200601300009
200601300010
200601300011
200601300013  200601300014
200601300014  200601300013
200601300015
200601310001
200601310002
200601310003
200601310005
200601310006
200601900010
200602010001
200602010003
200602010004
200602010005
200602010007
200602010008
200602010009
200602010010
200602010011
200602010012
200602010013
200602010014
200602010015
200602010016
200602020001
200602020002
200602020003
200602020004
200602020005
200602020006
200602020007
200602020008  200602020009
200602020009  200602020008
200602020010
200602020011  200602020012
200602020012  200602020011
200602020013
200602020014
200602020015
200602020016
200602020017
200602020018
200602020019
200602020020
200602020021
200602020022
200602020023
200602020024
200602020025
200602020026
200602020027
200602020028
200602030001
200602030002
200602030003
200602030004  200602030005
200602030005  200602030004
200602030006
200602030007  200602030011
200602030008
200602030009
200602030010
200602030011  200602030007
200602030012
200602040001
200602040002
200602040003
200602040004
200602040005
200602040006
200602040007
200602040008
200602040009
200602040010
200602040011
200602040012
200602040013
200602040014
200602040015
200602040016
200602050001
200602050002
200602050003
200602050004
200602050005
200602050006
200602050007
200602050008
200602050009  200602050010
200602050010  200602050009
200602050011
200602050012
200602050013
200602050014
200602050016
200602050017
200602050018
200602050019
200602050020
200602060001
200602060003
200602060004
200602060005
200602060006
200602060007
200602060008
200602060009
200602060010
200602060011
200602060012
200602060013
200602060014
200602070001
200602070002
200602070003
200602070004
200602070005
200602070006
200602070007
200602070008  200602070009
200602070009  200602070008
200602070010
200602070011
200602070012
200602070013
200602070014
200602070015
200602070016
200602080001
200602080002
200602080003
200602080004
200602080005
200602080006
200602080007
200602080008
200602080009
200602080010
200602080011
200602080012
200602090001
200602090002
200602090003
200602090004
200602090005
200602090006
200602090007
200602090008
200602090009
200602090010
200602090011
200602090012
200602100001
200602100002
200602100003  200602100004
200602100004  200602100003
200602100005
200602100006
200602100007
200602100008
200602100009
200602100010
200602100011
200602100012
200602100013
200602110001
200602110002
200602110003
200602110004
200602110005
200602110006
200602110007
200602110008
200602110009
200602110010
200602110011
200602120001
200602120002
200602120003
200602120004
200602120005
200602120006
200602120007
200602120008
200602120009
200602120010
200602120011
200602120012
200602120013
200602120014
200602120015
200602120016
200602120017
200602120018
200602130001
200602130002
200602130003
200602130004
200602130005
200602130006
200602130007
200602130008
200602130009
200602130010
200602130011
200602130012
200602130013
200602130014
200602130015
200602130016
200602140001
200602140002
200602140003
200602140004
200602140005
200602140006
200602140007
200602140008
200602140009
200602140010
200602140011
200602140012
200602140013
200602140014
200602140015
200602140016
200602140017
200602140018
200602150001
200602150002
200602150003
200602150004
200602150005
200602150006
200602150007
200602150008
200602150009
200602150010
200602150011
200602150012
200602160001
200602160002
200602160003
200602160004
200602160005
200602160006
200602160007
200602160008
200602160009
200602160010
200602160011
200602160012
200602160013
200602160014
200602160015
200602160016
200602160017
200602170001  200602170002  200602170003  200602170004  200602170005
200602170002  200602170001  200602170003  200602170004  200602170005
200602170003  200602170001  200602170002  200602170004  200602170005
200602170004  200602170001  200602170002  200602170003  200602170005
200602170005  200602170001  200602170002  200602170003  200602170004
200602170006
200602170007
200602170008
200602170009
200602170010
200602170011
200602170012
200602170013
200602170014
200602170015
200602170016
200602180001
200602180002
200602180003
200602180004
200602180005
200602180006
200602180007
200602180008
200602180009
200602180010
200602180011
200602180012
200602190001
200602190002
200602190003
200602190004
200602190005
200602190006
200602190007
200602190008
200602190009
200602190010
200602190011
200602190012
200602190014
200602190015
200602190016
200602190017
200602190018
200602190019
200602190020
200602200001
200602200002
200602200003
200602200004
200602200005
200602200006
200602200007
200602200008
200602200009
200602200010
200602200011
200602200012
200602200013
200602200014
200602200015
200602200016
200602200017
200602210001
200602210002
200602210003
200602210004
200602210005
200602210006
200602210007
200602210008
200602210009
200602210010
200602210011
200602210012
200602210013
200602210014
200602210015
200602210016
200602220001
200602220002
200602220003
200602220004
200602220005
200602220006
200602220007
200602220008
200602220009
200602220010
200602220011
200602220012
200602220013
200602230001
200602230002
200602230003
200602230004
200602230005
200602230006
200602230007
200602230008
200602230009
200602230010
200602240001
200602240002
200602240004
200602240005
200602240006
200602240007
200602240008
200602240009
200602240010
200602240011
200602240012
200602240013
200602240014
200602240015
200602240016
200602240017
200602240018
200602240019
200602250001
200602250002
200602250003
200602250004
200602250005
200602250006
200602250007
200602250008  200602250009
200602250009  200602250008
200602250010
200602250011
200602250012
200602250013
200602250014
200602250015
200602260001
200602260002
200602260003
200602260004
200602260005
200602260006
200602260007
200602260008
200602260009
200602260010
200602260011
200602260012
200602260013
200602270001
200602270002
200602270003
200602270004  200602270005  200602270006
200602270005  200602270004  200602270006
200602270006  200602270004  200602270005
200602270007
200602270008
200602270009
200602270010
200602270011
200602270012
200602270013
200602270014
200602270015
200602270016
200602270017
200602270018
200602280001
200602280002
200602280003
200602280004
200602280005
200602280006
200602280007
200602280008
200602280009
200602280010
200602280011
200602280012
200602280013
200602280014
200602280015
200602280016
200602280017
200602280018
200602280019
200602280020
200603010002
200603010003
200603010004
200603010005
200603010006
200603020001
200603020002
200603020003
200603020004
200603020005
200603020006
200603020007
200603020008
200603020009
200603020010
200603030001
200603030002
200603030003
200603030004
200603030005
200603030006
200603030007
200603030008
200603030009
200603030010
200603030011
200603030013
200603040001
200603040002
200603040003
200603040004
200603040005
200603040006
200603050001
200603060001
200603060002
200603060003
200603070001
200603070002
200603070003
200603070004
200603070005
200603070006
200603070007
200603070008
200603080001
200603090001
200603090002
200603090003
200603100001
200603100002
200603100003
200603100004
200603110001
200603120001
200603120002
200603120003
200603120005
200603130001
200603130002
200603130003
200603130004
200603130005
200603130006
200603130007
200603130008
200603130009
200603130010
200603130011
200603130013
200603130014
200603140001
200603140002
200603150001
200603150002
200603160001
200603160002
200603160003
200603160004
200603160005
200603160006
200603160007
200603160011
200603170001
200603170002
200603180001
200603180002
200603190001
200603190002
200603190003
200603200001
200603220001
200603220002
200603220003
200603220004
200603220005
200603220007
200603230001
200603230002
200603230003
200603230004
200603230005
200603230006
200603240001
200603240002
200603240004
200603250001
200603250002
200603260001
200603260002
200603260003
200603260004
200603260005
200603270001
200603270002
200603270003
200603280001
200603280002
200603290001
200603300001
200604010001
200604010002
200604010003
200604010004
200604010005
200604010006
200604010008
200604010009
200604010010
200604010011
200604010012
200604010014
200604010015
200604010016
200604010017
200604010018
200604010019
200604010020
200604010021
200604010022
200604010023
200604010024
200604010025
200604010026
200604010027
200604010028
200604010029
200604010030
200604010031
200604010032
200604020001
200604020002
200604020003
200604020004
200604020005
200604020006
200604020007
200604020008
200604020009
200604020010
200604020011
200604020012
200604020013
200604020014
200604020015  200604020016  200604020017  200604020018
200604020016  200604020015  200604020017  200604020018
200604020017  200604020015  200604020016  200604020018
200604020018  200604020015  200604020016  200604020017
200604020019
200604020020
200604020022
200604020025
200604020026
200604020027
200604020028
200604020029
200604020030
200604020031
200604020032
200604020033
200604020034
200604020035
200604030002
200604030003
200604030004
200604030005
200604030006
200604030007
200604030008
200604030009
200604030010
200604030012
200604030013
200604030014
200604030015
200604030016
200604030017
200604030018
200604030019
200604030020
200604030021
200604030022
200604030024
200604030025
200604030026
200604030028
200604030029
200604030031
200604030032
200604030033
200604030034
200604030035
200604030036  200604030037  200604030038
200604030037  200604030036  200604030038
200604030038  200604030036  200604030037
200604030039
200604030040
200604040001
200604040002
200604040003
200604040004
200604040005
200604040007
200604040008
200604040010
200604040011
200604040012
200604040013
200604040014
200604040015
200604040016
200604040018
200604040019
200604040020  200604040026
200604040021
200604040022
200604040023
200604040024
200604040025
200604040026  200604040020
200604040027
200604050001
200604050003
200604050004
200604050005
200604050006
200604050007
200604050008
200604050009
200604050010
200604050012
200604050013
200604050014
200604050018
200604050019
200604050020
200604050021
200604050023
200604050025
200604050026
200604060001
200604060002
200604060003
200604060004  200604060005
200604060005  200604060004
200604060006
200604060007
200604060008
200604060011
200604060013
200604060014
200604060015  200604060016
200604060016  200604060015
200604060017
200604060020
200604060021
200604060023
200604060024
200604060026
200604070001
200604070002
200604070003
200604070004
200604070005
200604070006
200604070007
200604070008
200604070009
200604070012
200604070013
200604070014
200604070015
200604070016
200604070017
200604070018
200604070019
200604070020
200604070021
200604070022
200604070023
200604070024
200604070025
200604080001
200604080002
200604080003
200604080004
200604080005
200604080006
200604080007
200604080008
200604080010
200604080011
200604080012
200604080013
200604080014
200604080016
200604080017
200604080018
200604080019
200604080020
200604090001
200604090002
200604090003
200604090004
200604090005
200604090007
200604090008
200604090009
200604090010
200604090011
200604090012
200604090013
200604090014
200604090015
200604100001
200604100002
200604100003
200604100004
200604100005
200604100008
200604100009
200604100010
200604100011
200604100012
200604100013
200604100014
200604100015
200604100016
200604100017  200604100024
200604100018
200604100020
200604100021
200604100022
200604100023
200604100024  200604100017
200604100025
200604100026
200604100027
200604100028
200604100029
200604100030
200604100031
200604100032
200604110001
200604110002
200604110003
200604110004
200604110005
200604110006
200604110007
200604110008
200604110009
200604110010
200604110011
200604110012
200604110013  200604110021
200604110015
200604110017
200604110018
200604110020
200604110021  200604110013
200604120001
200604120002
200604120003
200604120004
200604120005
200604120006
200604120007
200604120008
200604120009
200604120010
200604120011
200604120012
200604120013
200604120014
200604120015
200604120016
200604120017
200604120018
200604120019
200604120020
200604120021
200604120022
200604120023
200604120025  200604120034
200604120026
200604120028
200604120029
200604120030
200604120031
200604120032
200604120033
200604120034  200604120025
200604120035
200604120037
200604130001
200604130002
200604130003
200604130004
200604130005
200604130006
200604130007
200604130008
200604130009
200604130010
200604130011
200604130012
200604130013
200604130014
200604130015
200604130016
200604130017
200604130018
200604130019
200604130020
200604130021
200604130022
200604130023
200604130024
200604130025
200604130026
200604130027
200604130028
200604130029
200604130030
200604130031
200604130032
200604140001  200604140002  200604140003  200604140004  200604140005  200604140006  200604140007
200604140002  200604140001  200604140003  200604140004  200604140005  200604140006  200604140007
200604140003  200604140001  200604140002  200604140004  200604140005  200604140006  200604140007
200604140004  200604140001  200604140002  200604140003  200604140005  200604140006  200604140007
200604140005  200604140001  200604140002  200604140003  200604140004  200604140006  200604140007
200604140006  200604140001  200604140002  200604140003  200604140004  200604140005  200604140007
200604140007  200604140001  200604140002  200604140003  200604140004  200604140005  200604140006
200604140008
200604140009
200604140010
200604140011
200604140012
200604140013
200604140014
200604140015
200604140016
200604140017  200604140018  200604140019
200604140018  200604140017  200604140019
200604140019  200604140017  200604140018
200604140020
200604140021
200604140022
200604140023
200604140024
200604140025
200604140026
200604140027
200604140028
200604140029  200604140030  200604140031
200604140030  200604140029  200604140031
200604140031  200604140029  200604140030
200604150001
200604150002
200604150003
200604150004
200604150005
200604150007
200604150008
200604150009
200604150010
200604150011
200604150012
200604160001
200604160002
200604170001
200604190001
200604190002
200604190003
200604200001
200604200002
200604200003
200604210001
200604210002
200604220001
200604220002
200604220003
200604220004
200604220005
200604230001
200604230002
200604230003
200604230005
200604240001
200604250001
200604250002
200604250003
200604270001
200604270002
200604270003
200604270004
200604270006
200604280001
200604280002
200604280003
200604280005
200604290003
200604290004
200604300001
200605010001
200605010002
200605010003
200605010005
200605010006
200605010008  200605010009  200605010010
200605010009  200605010008  200605010010
200605010010  200605010008  200605010009
200605010011
200605010012
200605010014
200605010015
200605020003
200605020004
200605020005
200605020006
200605020008
200605020009
200605020010
200605020011
200605020012
200605030001
200605030002
200605030004
200605030005
200605030006
200605030008
200605040002
200605040003
200605040004
200605040005
200605040006
200605040012
200605050001
200605050002
200605050003
200605050004
200605060001
200605060002
200605060003
200605060004
200605060005
200605060006
200605060011
200605070001
200605070002
200605070003
200605070004
200605070005
200605070006
200605080001
200605080002
200605080003
200605080004
200605080008
200605090002
200605090003
200605090004
200605090005
200605090006
200605090007
200605090008
200605090009
200605100001
200605100002
200605100003
200605100004
200605100006
200605110001
200605110002
200605110003
200605110004
200605110005
200605110006
200605110007
200605110008
200605110009  200605110010
200605110010  200605110009
200605110011
200605120001
200605120002
200605120004
200605120005
200605120006
200605120007
200605120008
200605120009
200605120010
200605120011
200605130001
200605130003
200605130004
200605130005
200605130006
200605130007
200605130010
200605140001
200605140003
200605140006
200605140007
200605140008
200605140010
200605140012
200605140013
200605140014
200605140015
200605150001
200605150002
200605150003
200605150005
200605150006
200605150009
200605150011
200605150012
200605150014
200605160001
200605160002
200605160003
200605160004
200605160005
200605160006
200605160007
200605170001
200605170002
200605170003  200605170004
200605170004  200605170003
200605170005
200605170006
200605170007
200605170008
200605180001  200605180002
200605180002  200605180001
200605180003
200605180004
200605180005
200605180006
200605180007
200605180008
200605190001
200605190002
200605190003
200605190005
200605190006
200605200001  200605200002
200605200002  200605200001
200605200003
200605200004
200605200005
200605200006
200605200008
200605210001
200605210002
200605210003
200605210004
200605210005  200605220009  200605230002  200605250006  200605310005
200605210006
200605210007
200605210008
200605210009
200605220001
200605220002
200605220003
200605220004  200605220005  200605220006  200605220007
200605220005  200605220004  200605220006  200605220007
200605220006  200605220004  200605220005  200605220007
200605220007  200605220004  200605220005  200605220006
200605220008
200605220009  200605210005  200605230002  200605250006  200605310005
200605220010
200605220011
200605230001
200605230002  200605210005  200605220009  200605250006  200605310005
200605230003
200605240001  200605250007
200605250001
200605250002
200605250003
200605250004
200605250005  200605260004
200605250006  200605210005  200605220009  200605230002  200605310005
200605250007  200605240001
200605260001  200605260002
200605260002  200605260001
200605260003
200605260004  200605250005
200605270001
200605270002
200605270003
200605270004
200605280001  200605280002  200605280003
200605280002  200605280001  200605280003
200605280003  200605280001  200605280002
200605280004
200605280005  200605280006
200605280006  200605280005
200605280007  200605280008  200605280009  200605280010  200605280011
200605280008  200605280007  200605280009  200605280010  200605280011
200605280009  200605280007  200605280008  200605280010  200605280011
200605280010  200605280007  200605280008  200605280009  200605280011
200605280011  200605280007  200605280008  200605280009  200605280010
200605280012
200605280014
200605290001
200605290002
200605290003
200605300001
200605300002
200605300003
200605300004
200605300005
200605310001
200605310002
200605310003
200605310004
200605310005  200605210005  200605220009  200605230002  200605250006
200606010001
200606010002
200606010003
200606010004
200606010005
200606020001
200606020002
200606020003
200606020004
200606020005
200606030001
200606030002
200606040001
200606040002
200606040003
200606040004
200606050001
200606050003
200606050004
200606050005
200606050006
200606060002
200606060003
200606060004
200606060005
200606070001
200606070003
200606070004
200606080002
200606080003
200606080004
200606090001
200606090002
200606090003
200606100001
200606100003
200606110001
200606110002
200606110003  200606110004  200606110005
200606110004  200606110003  200606110005
200606110005  200606110003  200606110004
200606110006
200606120001
200606120002
200606120003
200606120004
200606120005
200606120006
200606120007
200606120008
200606130002
200606140001
200606140002
200606140003
200606140004
200606150001  200606150008  200606150009
200606150003
200606150004
200606150005
200606150006
200606150007
200606150008  200606150001  200606150009
200606150009  200606150001  200606150008
200606160001
200606160002
200606160003
200606160004
200606160005
200606170001
200606180001
200606180002
200606180003
200606180004
200606190001
200606190002
200606190003
200606200001
200606220001
200606220002
200606220004
200606230001
200606230002
200606230003
200606230004
200606240001
200606240002
200606240003
200606240004
200606240005
200606240006
200606240007
200606240010
200606240011
200606240014
200606240015
200606250001
200606250003
200606250005
200606260001
200606270001
200606270002
200606270003
200606270004
200606280002
200606280003
200606280004
200606280005
200606280006
200606280007
200606280008
200606280009
200606290001
200606290002
200606290003
200606290004
200606300001
200606300002
200606300003
200606300004
200606300005
200607010001
200607010002  200607020003
200607010004
200607010005
200607010006
200607010007
200607010008
200607010009
200607020003  200607010002
200607020004
200607020006
200607020007  200607020008
200607020008  200607020007
200607020009
200607020010
200607020012
200607020013
200607020014
200607020015
200607020016  200607020017
200607020017  200607020016
200607020018
200607020019
200607020020
200607020021
200607030001
200607030002
200607030003
200607030004
200607030005  200607040005
200607030006
200607030007
200607030008
200607030011
200607030012
200607030013
200607030014  200607030015
200607030015  200607030014
200607030016
200607030017
200607030018
200607030019
200607030020
200607030021
200607030024
200607030025
200607030026
200607030027
200607030029
200607040001  200607040002
200607040002  200607040001
200607040004
200607040005  200607030005
200607040006
200607040007
200607040008
200607040009
200607040011
200607040012
200607040013
200607040014
200607040015  200607050020  200607050021
200607040019
200607040020
200607040021  200607060017  200607070021
200607040022
200607050001
200607050004  200607050005
200607050005  200607050004
200607050007
200607050008
200607050009
200607050010
200607050011
200607050012
200607050014
200607050015  200607050016
200607050016  200607050015
200607050017
200607050018
200607050019  200607060019  200607060020
200607050020  200607040015  200607050021
200607050021  200607040015  200607050020
200607050022
200607050023
200607050024
200607050025
200607050027
200607060001
200607060002
200607060003
200607060004
200607060005
200607060006
200607060007
200607060009
200607060010
200607060011
200607060012
200607060013
200607060014
200607060015
200607060016
200607060017  200607040021  200607070021
200607060018  200607070022
200607060019  200607050019  200607060020
200607060020  200607050019  200607060019
200607060021
200607060022
200607060023
200607060024
200607060025
200607060026
200607060027
200607060028
200607070001
200607070002
200607070004  200607070005  200607070006  200607070007  200607070008  200607070009  200607070010
200607070005  200607070004  200607070006  200607070007  200607070008  200607070009  200607070010
200607070006  200607070004  200607070005  200607070007  200607070008  200607070009  200607070010
200607070007  200607070004  200607070005  200607070006  200607070008  200607070009  200607070010
200607070008  200607070004  200607070005  200607070006  200607070007  200607070009  200607070010
200607070009  200607070004  200607070005  200607070006  200607070007  200607070008  200607070010
200607070010  200607070004  200607070005  200607070006  200607070007  200607070008  200607070009
200607070011
200607070012
200607070013
200607070014
200607070015
200607070016  200607070017  200607070018  200607070019  200607070020
200607070017  200607070016  200607070018  200607070019  200607070020
200607070018  200607070016  200607070017  200607070019  200607070020
200607070019  200607070016  200607070017  200607070018  200607070020
200607070020  200607070016  200607070017  200607070018  200607070019
200607070021  200607040021  200607060017
200607070022  200607060018
200607070023
200607070024
200607070025
200607070026
200607070027
200607070028
200607070029
200607070030
200607070031
200607080001
200607080002
200607080003
200607080004
200607080005
200607080006
200607090001
200607090004
200607100001
200607100003
200607100004
200607100005
200607100006
200607100007
200607100008
200607100009
200607100011
200607100012
200607100013
200607100014
200607110001
200607110002
200607110003
200607110004
200607110005
200607110006
200607110007
200607110009
200607120001
200607120002
200607120004
200607120005
200607120006
200607120007
200607120008
200607120010
200607120011  200607120012  200607120013  200607120014  200607120015
200607120011  200607120012  200607120013  200607120014  200607120015
200607120011  200607120012  200607120013  200607120014  200607120015
200607120011  200607120012  200607120013  200607120014  200607120015
200607120011  200607120012  200607120013  200607120014  200607120015
200607130001
200607130003
200607130004
200607130005
200607130006
200607130008
200607140002
200607140003
200607140005
200607150001
200607150002
200607150003
200607150004
200607150005
200607150006
200607150007
200607160001
200607160002
200607160003
200607160004
200607160005
200607160006
200607160007
200607170001
200607170002
200607170003
200607170004
200607180001
200607180003
200607180004
200607180005
200607190001
200607190002
200607190003
200607190004
200607190005
200607190006
200607190007
200607190008
200607190009
200607190010
200607190011
200607190012
200607190013
200607200001
200607200002
200607200003
200607210001
200607210002
200607210003
200607210004
200607220001
200607220003
200607220004
200607230002
200607230003
200607230004
200607240001
200607240002
200607240003
200607240004
200607250001
200607260001
200607270001
200607270002
200607270003
200607270004
200607280001
200607280002
200607280003
200607280004
200607290003
200607290004
200607290005
200607300001
200607300002
200607300003
200607300006
200607310002
200607310003
200607310004
200607310005
200607310006
200607310007
200607310008
200608010001
200608010002
200608010003
200608010004
200608010007
200608010008
200608010009
200608010014
200608010015
200608010017
200608010018
200608010019
200608010020
200608010022
200608010023  200608010031
200608010024
200608010028
200608010029
200608010030
200608010031  200608010023
200608020001
200608020003
200608020005
200608020006
200608020007
200608020008
200608020009
200608020011
200608020012
200608020015
200608020016
200608020017
200608020018
200608020020
200608020021
200608020022
200608020023
200608020024
200608020026
200608020027
200608020028
200608030001
200608030003
200608030005
200608030006
200608030007
200608030010
200608030011
200608030012
200608030014
200608030017
200608030019
200608030020
200608030021
200608030022
200608030025
200608030026
200608030027
200608030028
200608030029
200608040001
200608040002
200608040003
200608040005
200608040006
200608040007
200608050001
200608050003
200608050004
200608050006
200608050008
200608050009
200608050011
200608050012
200608050013
200608050014
200608050015
200608060001
200608060003
200608060004
200608060006
200608060007
200608060008
200608060009
200608060011
200608060013
200608060014
200608060015
200608070001
200608070002
200608070003
200608070004
200608070005
200608070006
200608070008
200608070009
200608070010
200608070013
200608070014
200608070015
200608070016
200608080001
200608080002
200608080003
200608080004
200608080005
200608080006
200608080007
200608080008
200608080009
200608080011
200608090001
200608090002
200608090003
200608090004
200608090005
200608090006
200608100001
200608100002  200608100003
200608100003  200608100002
200608100004
200608100005
200608110001
200608110002
200608110003
200608110006
200608120002
200608120003
200608130001
200608130002
200608130003
200608130004
200608130005
200608130006
200608130007
200608130008
200608130009
200608130010
200608130011
200608140001
200608140002
200608140003
200608140004
200608140005
200608140006
200608150001
200608150002
200608150003
200608160001
200608160003
200608170001
200608170002
200608170003
200608180001
200608180002
200608180003
200608180004
200608180006
200608180007
200608180008
200608190001
200608190002
200608190003
200608190004
200608190005
200608190006
200608190007
200608200001
200608200002
200608200004
200608200005
200608210002
200608210004
200608210005
200608210006
200608220002
200608220003
200608220004
200608220005
200608220009
200608220010
200608230001
200608230002
200608230003
200608230004
200608230005
200608230006
200608240001
200608240003
200608240004
200608240005
200608240006
200608240007
200608240008
200608240009
200608240010
200608240011
200608250001
200608250004
200608250005
200608260002
200608260003
200608260004
200608260005
200608260006
200608270001
200608270002
200608270003
200608270004
200608270006
200608280001
200608280002
200608280003
200608280005
200608280006
200608280007
200608280008  200608280012  200608280013
200608280009
200608280010
200608280011
200608280008  200608280012  200608280013
200608280008  200608280012  200608280013
200608290001
200608290002
200608290003
200608290004
200608290005
200608290006
200608290007
200608290008
200608290009
200608290010
200608290011
200608300001
200608300002
200608300003
200608300005
200608310001  200608310004
200608310002
200608310003
200608310004  200608310001
200609010001
200609010002
200609010003
200609010004
200609010005
200609010007
200609020002
200609020003
200609020004
200609020005
200609020006
200609020007
200609030001
200609030002
200609040003
200609040006
200609050001
200609050002
200609060001
200609060002
200609060003
200609060004
200609060006
200609060007
200609060008
200609070001  200609070002  200609070003
200609070002  200609070001  200609070003
200609070003  200609070001  200609070002
200609070004
200609070005
200609080001
200609080002
200609080005
200609080006
200609080007
200609080008
200609080009
200609090003
200609100001
200609100002
200609100003
200609100004  200609110006
200609100005
200609100007
200609110001
200609110002
200609110003
200609110004
200609110005
200609110006  200609100004
200609110007
200609110008
200609110010
200609120001
200609120002
200609120003
200609120004
200609120005
200609120006
200609120007
200609120008
200609120010
200609120011
200609130001
200609130002
200609130003
200609130004
200609130006
200609140002
200609140004
200609150001
200609150002
200609150003
200609150004
200609160001
200609160002
200609160003
200609160004
200609160008
200609170001
200609170003
200609170008
200609170012
200609170014
200609170015
200609180003
200609180004
200609180007
200609180011
200609180014
200609180015
200609180016
200609180017
200609190003
200609190007
200609200006
200609200009
200609200012
200609200014
200609200015
200609210002
200609210006
200609210010
200609210011
200609210013
200609220001
200609220002
200609220007
200609230007
200609230008
200609230011
200609230014
200609230015
200609240005
200609250001
200609250002
200609250003
200609250005
200609250006
200609250007
200609260009
200609260010
200609260011
200609260013
200609260014
200609260018
200609260019
200609270002
200609270003
200609270005
200609270007
200609270016
200609270019
200609270020
200609280001
200609280002
200609280006
200609280007
200609280008
200609280009
200609280010
200609280016
200609280017
200609280022
200609280023
200609290001
200609290002
200609290003
200609290004
200609290005
200609290006
200609290007
200609290009
200609300001
200609300002
200609300003
200609300015
200610010001
200610010003
200610010005
200610010007
200610010009
200610020001
200610020004
200610020005
200610020008
200610020009
200610030002
200610030004
200610030007
200610030008
200610030009
200610040001
200610040003
200610040005
200610040007
200610040008
200610040010
200610040011
200610040012
200610050001
200610050003
200610050006
200610050007
200610050008
200610050009
200610060001
200610060002
200610060003
200610060005
200610060006
200610070003
200610070004
200610070007
200610070009
200610080002
200610080003
200610080005
200610080006
200610090002
200610090003
200610090005
200610090006
200610090007
200610100001
200610100002
200610100003
200610100004
200610100005
200610100006
200610100007
200610100008
200610100009
200610110003
200610110004
200610120002
200610120004
200610120006
200610120007
200610120008
200610120009
200610120010
200610130002
200610130004
200610130006
200610140001
200610140002
200610140003
200610140004
200610140005
200610140008
200610140009
200610140010
200610140011
200610150001
200610150002
200610150003
200610150007
200610150008
200610150009
200610150010
200610150012
200610150013
200610150014
200610160001
200610160002
200610160004
200610160005  200610160012
200610160006
200610160008
200610160009  200610160015
200610160011
200610160012  200610160005
200610160013
200610160014
200610160009  200610160015
200610170003
200610170004
200610170005
200610180001
200610180002
200610180003
200610180004
200610180005
200610190001
200610190002
200610190003
200610190006
200610190008
200610190011
200610190012
200610190013
200610190016
200610190017
200610200002
200610200004
200610200006
200610200007
200610210001
200610210002
200610210003
200610210005
200610210010
200610210011
200610220002
200610220003
200610220004
200610220005
200610220006
200610220007
200610220008
200610220010
200610220011
200610220012
200610220013
200610230004
200610230005
200610230008
200610230009
200610240001
200610250002
200610250003
200610250005
200610260001
200610260002
200610260003
200610260005
200610260006
200610260007
200610260008
200610270002
200610270003
200610270004
200610280001
200610280002
200610280003
200610280004
200610280005
200610280006
200610280007
200610280008
200610280009
200610280010
200610290001
200610290002
200610290003
200610290004
200610290005
200610290006
200610290007
200610290009
200610300001
200610300003
200610300004
200610300005
200610300007
200610310002  200610310006
200610310005
200610310006  200610310002
200610310009
200610310010
200610310011
200610310013
200611010001
200611010002
200611010003
200611010004
200611010005
200611010007
200611020001
200611020002
200611020003
200611020004
200611030004
200611040002
200611040003
200611050001
200611050003
200611060002
200611060004
200611060005
200611060006
200611070001
200611070002
200611070003
200611070004
200611070005
200611070006
200611070007
200611070008
200611080002
200611080003
200611080004
200611080005
200611090001
200611090002
200611090003
200611100001
200611100002
200611100003
200611100004
200611100005
200611100006
200611110002
200611110003
200611110004
200611110005
200611120001
200611120002
200611120003
200611120004
200611120005
200611120006
200611120007
200611130001
200611130002
200611130003
200611130004
200611130005
200611130006
200611130007
200611140001
200611140002
200611140003
200611150001
200611150002
200611150003
200611150004
200611150005
200611150006
200611160001
200611160002
200611160003
200611160004
200611160005
200611160007
200611160008
200611170001
200611170002
200611170003
200611170004
200611170005
200611170006
200611180001
200611180002
200611180003
200611180004
200611180005
200611190001
200611190002
200611190003
200611190004
200611190005
200611190006
200611190007
200611190008
200611190009
200611190010
200611190011
200611200001
200611200003
200611200004
200611200005
200611200006
200611200007
200611200008
200611200009
200611210001
200611210002
200611210003
200611210004
200611210005
200611210006
200611220001
200611220002
200611220003
200611220004
200611220005
200611230001
200611230002
200611230003
200611230004
200611230005
200611230006
200611230007
200611230009
200611240001
200611240002
200611240003
200611240004
200611240005
200611240006
200611240007
200611240008
200611240009
200611240010
200611250001
200611250002
200611250003
200611250004
200611260001
200611260002
200611260003
200611260004
200611260005
200611270001
200611270002
200611270003
200611280001
200611280002
200611280003
200611280004
200611280005
200611280006
200611280007
200611280008
200611280009
200611280010
200611280012
200611280013
200611290001
200611290002
200611300001
200611300002
200611300003
200611300004
200612010003
200612010004
200612010005
200612010011
200612020001
200612020002
200612020003  200612020004  200612020007
200612020004  200612020003  200612020007
200612020005
200612020007  200612020003  200612020004
200612020008
200612020009
200612020010
200612020012
200612020013
200612020014
200612020015
200612030001  200612030013  200612030016
200612030002
200612030004
200612030005
200612030008
200612030009
200612030010
200612030011
200612030012
200612030013  200612030001  200612030016
200612030014
200612030015
200612030016  200612030001  200612030013
200612030017
200612030018
200612030019
200612030020
200612030021
200612030024
200612030025
200612030029
200612040001
200612040006
200612050001
200612050002
200612050003
200612050004
200612050005
200612050008
200612050009
200612050010
200612050011
200612050012
200612050013
200612060001
200612060002
200612060003
200612070001
200612070002
200612070003
200612080001
200612080002
200612090002
200612090003
200612100001
200612100002
200612100003
200612110001
200612110002
200612110004
200612120001
200612120002
200612120003
200612120004
200612120005
200612120006
200612130001
200612130002
200612130003
200612130004
200612130005
200612140001
200612140003
200612140004
200612150002
200612150005
200612150006
200612170002
200612170003
200612180001  200612180002  200612180004  200612180008
200612180002  200612180001  200612180004  200612180008
200612180004  200612180001  200612180002  200612180008
200612180005
200612180006
200612180007
200612180008  200612180001  200612180002  200612180004
200612190001
200612200001
200612200002
200612200004  200612200012  200612210001
200612200005
200612200006
200612200007
200612200008
200612200009
200612200010
200612200011
200612200012  200612200004  200612210001
200612200013
200612210001  200612200004  200612200012
200612210002
200612210003
200612210004  200612210006
200612210005
200612210006  200612210004
200612220001
200612220002
200612220004
200612230001
200612230002
200612230003
200612240001
200612240002
200612240003
200612240005
200612240006
200612250001
200612250002
200612250003
200612250004
200612260001
200612260002
200612260003
200612260004
200612260005
200612260007
200612270001
200612270002
200612270003
200612270004
200612270005
200612270006
200612270007
200612270008
200612270009
200612280001
200612280003
200612280004
200612280005
200612280006
200612290003
200612290004
200612290005
200612290006
200612290007
200612300001
200612300002
200612300003
200612300004
200612310001
200612310002
200612310003
200612310004
200612310005
200612310006
200612310008
200612310009
