200201010001
200201010002
200201010003
200201010004  200201010005
200201010005  200201010004
200201010006
200201010007
200201010008
200201010009
200201010010
200201010011  200201010012  200201010013  200201010014
200201010012  200201010011  200201010013  200201010014
200201010013  200201010011  200201010012  200201010014
200201010014  200201010011  200201010012  200201010013
200201020001
200201020002
200201020003
200201020004
200201020005
200201020006
200201020007
200201020008
200201020009
200201020010
200201020011
200201030001  200201030002  200201030003
200201030002  200201030001  200201030003
200201030003  200201030001  200201030002
200201030004
200201030005
200201030006
200201030007
200201040001
200201040002
200201040003
200201050001
200201050002
200201050003
200201050004
200201050005
200201050007
200201060001
200201060002
200201060003
200201070001
200201080001
200201090001
200201090002
200201110001
200201120001
200201120002
200201120003
200201120004
200201120005
200201140001
200201150001
200201150002  200201150003
200201150003  200201150002
200201150004
200201150005
200201150006
200201150007
200201160001
200201160002
200201160003
200201160004
200201160005  200201160006
200201160006  200201160005
200201160007
200201160008
200201160009
200201170001
200201170002  200201170003
200201170003  200201170002
200201170004  200201170005  200201170006
200201170005  200201170004  200201170006
200201170006  200201170004  200201170005
200201170007
200201170008
200201180001
200201180002
200201180003
200201180004
200201180005
200201180006
200201180007
200201180008
200201180009
200201180010
200201190001
200201190002
200201190003
200201190004
200201190005
200201200001
200201200002
200201200003
200201200004
200201210001
200201210002
200201220001
200201220002  200201220003
200201220003  200201220002
200201220004
200201230001
200201230002
200201230003
200201240001
200201240002
200201250001
200201250002
200201250003
200201250006
200201260001
200201260002
200201260003
200201260004
200201260005
200201270001
200201270002
200201280001
200201280002
200201280003  200201280004  200201280005
200201280004  200201280003  200201280005
200201280005  200201280003  200201280004
200201300001
200201300002
200201300003
200201300004
200201300005
200201300006
200201310001
200201310002
200201310003
200201310004
200201310005
200202010001
200202010002
200202010003
200202010004
200202010005
200202010006
200202010007
200202010008
200202010009
200202020001
200202020002
200202020003  200202020005
200202020004
200202020005  200202020003
200202020006
200202030001
200202030002  200202030008
200202030003
200202030004
200202030005
200202030006
200202030007
200202030008  200202030002
200202040001
200202040002
200202040003
200202040004
200202040005
200202040006
200202040007
200202040008
200202040009
200202040010
200202040011
200202050001
200202050002
200202050003
200202050004
200202050005
200202050006  200202050007
200202050007  200202050006
200202050008
200202060001
200202060002
200202060003
200202060004
200202060005
200202060006
200202060007
200202060008
200202070002
200202070003
200202070004
200202070005
200202070006
200202070007
200202080001
200202080002  200202080006  200202080007
200202080003
200202080004
200202080005
200202080006  200202080002  200202080007
200202080007  200202080002  200202080006
200202080008
200202090001
200202090002
200202090003
200202090004
200202100001
200202100002
200202100003
200202100004
200202100005
200202110001
200202110002
200202110003
200202110004
200202110005
200202110007
200202110008
200202110009
200202110010  200202110011
200202110011  200202110010
200202120001
200202120002
200202120003
200202120005  200202130007
200202130001
200202130002
200202130003
200202130004
200202130005
200202130006
200202130007  200202120005
200202140001
200202140002
200202140003
200202140004
200202140005
200202150001
200202150002
200202150003
200202160001
200202160002
200202160003
200202160005
200202170001
200202170002  200202170003
200202170003  200202170002
200202180001
200202180002
200202180003
200202190001
200202190002
200202190003
200202190004
200202200001
200202200002
200202200003
200202210001
200202210002
200202220001
200202220002
200202220003  200202230002  200202270001  200202270002  200202280003
200202220004
200202230001
200202230002  200202220003  200202270001  200202270002  200202280003
200202230003
200202230004
200202240001
200202250001
200202250002
200202250003
200202260001
200202270001  200202220003  200202230002  200202270002  200202280003
200202270002  200202220003  200202230002  200202270001  200202280003
200202280001
200202280002
200202280003  200202220003  200202230002  200202270001  200202270002
200202280004
200202410001  200202410002
200202410002  200202410001
200202410003
200202410004
200202510004
200202510005
200203000001
200203010001
200203010006
200203020001
200203030001
200203030002
200203030003
200203040001
200203040002
200203040003
200203040004
200203050001
200203050002
200203050003
200203050004
200203050005
200203050006
200203070001
200203070002
200203080001
200203090001
200203090002
200203090003
200203120001
200203120002
200203120003
200203120004
200203120005
200203140001
200203150001
200203150003
200203150004
200203160001
200203170001
200203170002
200203170003
200203180001
200203180002
200203180003
200203190001
200203190002
200203190003
200203190004
200203200001
200203200002
200203200003
200203200004
200203210001
200203210002
200203210004
200203220001
200203220002  200203220003
200203220003  200203220002
200203220004
200203230001
200203230002
200203230003
200203240001
200203240002
200203240003
200203240004
200203240005
200203250001
200203250003
200203250004
200203260001
200203260002
200203270001
200203270002
200203270003
200203280001
200203280002
200203290001
200203290002
200203290003
200203290004
200203290005
200203300001
200203300002
200203300003
200203300004
200203310001
200203310002
200204010001
200204010002
200204010003
200204010004  200204010005  200204010006
200204010005  200204010004  200204010006
200204010006  200204010004  200204010005
200204010007  200204010008
200204010008  200204010007
200204010009
200204010010
200204010011
200204010012
200204010013
200204010014
200204020001
200204020002
200204020003
200204020004
200204020005
200204030001
200204030002
200204030003
200204030004
200204040001
200204040002
200204040003
200204050001
200204070001
200204070002
200204080001
200204080002
200204090001
200204090002  200204090003  200204090004  200204090005
200204090003  200204090002  200204090004  200204090005
200204090004  200204090002  200204090003  200204090005
200204090005  200204090002  200204090003  200204090004
200204110001
200204110002
200204110003
200204110005
200204110006
200204120001
200204120002  200204120003
200204120003  200204120002
200204120004
200204120005
200204120006
200204120007
200204130001
200204130002
200204130003
200204130004
200204130005
200204140001
200204140002
200204150001
200204150003
200204150004
200204160001
200204160003
200204160004  200204160005
200204160005  200204160004
200204160006
200204160007
200204160008
200204170001
200204180001
200204180002
200204180004
200204180005
200204190001
200204190002
200204190004
200204190005
200204190006
200204210001  200204210002
200204210002  200204210001
200204210004
200204210005
200204220001
200204220002
200204220003
200204220004
200204220005
200204230001
200204230002
200204240001
200204240002
200204240003  200204240004  200204250006
200204240004  200204240003  200204250006
200204250001
200204250003
200204250004
200204250005
200204250006  200204240003  200204240004
200204260001
200204260002
200204270001
200204270002
200204280001
200204280002
200204280003
200204280004
200204280005
200204300001
200205000001
200205000002
200205000003
200205010001  200205010002
200205010002  200205010001
200205010003  200205010004
200205010004  200205010003
200205010005
200205010006
200205010007  200205010008
200205010008  200205010007
200205010009
200205010010
200205010011
200205010012
200205010013
200205010015
200205020001
200205020002  200205020003
200205020003  200205020002
200205020004
200205020005
200205020006
200205020007
200205020009
200205030001
200205030002
200205030003
200205030004
200205030005
200205030006
200205030007  200205030008  200205030009  200205030010  200205030011  200205030012  200205030013  200205030014  200205040005  200205040006  200205040007  200205040008  200205040009  200205040010  200205040011  200205060005  200205060006  200205070002
200205030008  200205030007  200205030009  200205030010  200205030011  200205030012  200205030013  200205030014  200205040005  200205040006  200205040007  200205040008  200205040009  200205040010  200205040011  200205060005  200205060006  200205070002
200205030009  200205030007  200205030008  200205030010  200205030011  200205030012  200205030013  200205030014  200205040005  200205040006  200205040007  200205040008  200205040009  200205040010  200205040011  200205060005  200205060006  200205070002
200205030010  200205030007  200205030008  200205030009  200205030011  200205030012  200205030013  200205030014  200205040005  200205040006  200205040007  200205040008  200205040009  200205040010  200205040011  200205060005  200205060006  200205070002
200205030011  200205030007  200205030008  200205030009  200205030010  200205030012  200205030013  200205030014  200205040005  200205040006  200205040007  200205040008  200205040009  200205040010  200205040011  200205060005  200205060006  200205070002
200205030012  200205030007  200205030008  200205030009  200205030010  200205030011  200205030013  200205030014  200205040005  200205040006  200205040007  200205040008  200205040009  200205040010  200205040011  200205060005  200205060006  200205070002
200205030013  200205030007  200205030008  200205030009  200205030010  200205030011  200205030012  200205030014  200205040005  200205040006  200205040007  200205040008  200205040009  200205040010  200205040011  200205060005  200205060006  200205070002
200205030014  200205030007  200205030008  200205030009  200205030010  200205030011  200205030012  200205030013  200205040005  200205040006  200205040007  200205040008  200205040009  200205040010  200205040011  200205060005  200205060006  200205070002
200205030015
200205040001
200205040002  200205040003
200205040003  200205040002
200205040004
200205040005  200205030007  200205030008  200205030009  200205030010  200205030011  200205030012  200205030013  200205030014  200205040006  200205040007  200205040008  200205040009  200205040010  200205040011  200205060005  200205060006  200205070002
200205040006  200205030007  200205030008  200205030009  200205030010  200205030011  200205030012  200205030013  200205030014  200205040005  200205040007  200205040008  200205040009  200205040010  200205040011  200205060005  200205060006  200205070002
200205040007  200205030007  200205030008  200205030009  200205030010  200205030011  200205030012  200205030013  200205030014  200205040005  200205040006  200205040008  200205040009  200205040010  200205040011  200205060005  200205060006  200205070002
200205040008  200205030007  200205030008  200205030009  200205030010  200205030011  200205030012  200205030013  200205030014  200205040005  200205040006  200205040007  200205040009  200205040010  200205040011  200205060005  200205060006  200205070002
200205040009  200205030007  200205030008  200205030009  200205030010  200205030011  200205030012  200205030013  200205030014  200205040005  200205040006  200205040007  200205040008  200205040010  200205040011  200205060005  200205060006  200205070002
200205040010  200205030007  200205030008  200205030009  200205030010  200205030011  200205030012  200205030013  200205030014  200205040005  200205040006  200205040007  200205040008  200205040009  200205040011  200205060005  200205060006  200205070002
200205040011  200205030007  200205030008  200205030009  200205030010  200205030011  200205030012  200205030013  200205030014  200205040005  200205040006  200205040007  200205040008  200205040009  200205040010  200205060005  200205060006  200205070002
200205050001
200205050002
200205050003
200205050004
200205050005
200205050006
200205050007
200205060001
200205060002
200205060003
200205060004
200205060005  200205030007  200205030008  200205030009  200205030010  200205030011  200205030012  200205030013  200205030014  200205040005  200205040006  200205040007  200205040008  200205040009  200205040010  200205040011  200205060006  200205070002
200205060006  200205030007  200205030008  200205030009  200205030010  200205030011  200205030012  200205030013  200205030014  200205040005  200205040006  200205040007  200205040008  200205040009  200205040010  200205040011  200205060005  200205070002
200205060008
200205070001
200205070002  200205030007  200205030008  200205030009  200205030010  200205030011  200205030012  200205030013  200205030014  200205040005  200205040006  200205040007  200205040008  200205040009  200205040010  200205040011  200205060005  200205060006
200205070003
200205070004
200205070005  200205070006
200205070006  200205070005
200205070007  200205120006
200205070008
200205070009
200205070010
200205070011
200205080001
200205080002
200205080003
200205080004
200205080005
200205080006
200205080007  200205080010  200205080011  200205080012  200205080013  200205080014
200205080010  200205080007  200205080011  200205080012  200205080013  200205080014
200205080011  200205080007  200205080010  200205080012  200205080013  200205080014
200205080012  200205080007  200205080010  200205080011  200205080013  200205080014
200205080013  200205080007  200205080010  200205080011  200205080012  200205080014
200205080014  200205080007  200205080010  200205080011  200205080012  200205080013
200205090001
200205090002
200205090003
200205090004
200205090005
200205090006
200205100001
200205100002
200205100003
200205100004
200205100005
200205100006
200205110001
200205110003
200205110004
200205110005
200205110006
200205110007
200205120001
200205120002
200205120003
200205120004
200205120005
200205120006  200205070007
200205130001
200205130002
200205130003
200205130004  200205130005
200205130005  200205130004
200205130006
200205130007
200205130008
200205130009
200205140001
200205140002
200205140003
200205140004
200205150001
200205150002
200205150003
200205150004
200205160001
200205160002
200205160003
200205170002
200205170003
200205170005
200205180001
200205180002
200205180003
200205190001
200205190002
200205190003
200205190005
200205200001
200205200002
200205200003
200205200004
200205200005
200205200006
200205210001
200205210002
200205220001
200205220002
200205220003
200205230001
200205230002
200205230003
200205230004
200205230005
200205230006
200205240001
200205240002
200205240003
200205240004
200205250001
200205250002
200205250003
200205270001
200205270002
200205270003
200205270005
200205280001
200205280002
200205280003
200205280004
200205280005
200205290001
200205290002  200205290003  200205290004  200205290005  200205290006
200205290003  200205290002  200205290004  200205290005  200205290006
200205290004  200205290002  200205290003  200205290005  200205290006
200205290005  200205290002  200205290003  200205290004  200205290006
200205290006  200205290002  200205290003  200205290004  200205290005
200205290007
200205290008
200205300001
200205310001
200206010001
200206010003
200206010004
200206020001
200206020002
200206030001
200206030002  200206030003
200206030003  200206030002
200206030004
200206030005
200206040001
200206040002
200206040003
200206040004
200206050001
200206050002
200206050003
200206060001
200206060002
200206060003
200206060004
200206060005
200206060006
200206060007
200206070001
200206070002
200206070004
200206070005
200206080001
200206080002
200206080003
200206090001
200206090002
200206090003
200206090004
200206100001  200206100002
200206100002  200206100001
200206110001
200206110002
200206110003
200206110004
200206120001
200206120002
200206130001
200206130002
200206140001
200206140002
200206140003
200206140004  200206150004
200206140005
200206140006  200206140007
200206140007  200206140006
200206150001
200206150002
200206150003
200206150004  200206140004
200206150005
200206170001
200206170002
200206170003
200206170004
200206170005
200206170006
200206170007
200206170009
200206170010
200206180002
200206190001
200206190002
200206200001
200206200002
200206200003
200206200004
200206200005
200206200006
200206210001  200206210003  200206220001  200206220002  200206230001
200206210002
200206210003  200206210001  200206220001  200206220002  200206230001
200206210004
200206210005  200206210006
200206210006  200206210005
200206220001  200206210001  200206210003  200206220002  200206230001
200206220002  200206210001  200206210003  200206220001  200206230001
200206220003
200206230001  200206210001  200206210003  200206220001  200206220002
200206230002
200206230003
200206230004
200206240001
200206240002
200206240003
200206240004
200206240005
200206240006
200206240007
200206240008
200206260001
200206270001
200206270002
200206270003
200206270004
200206270005
200206270006
200206270007
200206270008
200206280001
200206290001
200206300001
200207010001
200207010002
200207010003  200207010005
200207010004
200207010005  200207010003
200207010006
200207020001
200207030001
200207030002
200207040001
200207040002
200207040003
200207050001
200207050002  200207050003  200207050004
200207050003  200207050002  200207050004
200207050004  200207050002  200207050003
200207050005
200207050006
200207050007
200207060001
200207060002
200207060003
200207060004
200207080001
200207080002
200207080003
200207080004
200207090001
200207090002
200207090003
200207100001
200207100002
200207100003
200207100004
200207100005
200207110001
200207110002
200207120001
200207120002  200207120003
200207120003  200207120002
200207120004  200207120005  200207120006
200207120005  200207120004  200207120006
200207120006  200207120004  200207120005
200207120007
200207120008
200207130001
200207130002
200207130003
200207130004
200207130005
200207140001
200207140002
200207160001
200207160002
200207170001
200207170002
200207170003
200207170004
200207170005
200207170007
200207170008
200207180001
200207180002
200207180003
200207190001
200207200001
200207200002
200207210001
200207210002
200207220001
200207220002
200207230001
200207230002
200207230003
200207240001
200207240002
200207250001
200207250002
200207260001  200207260002
200207260002  200207260001
200207270002
200207270003
200207280001
200207280002
200207290001
200207300001
200207300002
200207300003
200207300004
200207300005
200207310001
200207310002
200207310003
200208000001
200208000002
200208010001
200208010002
200208010003
200208010004
200208010005
200208010006
200208010007
200208010008
200208010009
200208010010
200208020001
200208020002
200208020003
200208020004
200208020006
200208030001
200208030002
200208040001
200208040002  200208040010  200208040011
200208040003  200208040004
200208040004  200208040003
200208040005
200208040006
200208040007
200208040008
200208040009  200208040013
200208040010  200208040002  200208040011
200208040011  200208040002  200208040010
200208040012
200208040013  200208040009
200208050001
200208050002
200208050003
200208050004
200208050005
200208060001
200208060002
200208060003
200208060004  200208060007
200208060005
200208060006
200208060007  200208060004
200208070001
200208070002
200208070003
200208070005
200208070006
200208080001
200208080002
200208080003
200208080004
200208080005
200208090001
200208090002
200208090003
200208090004
200208090005
200208090006
200208100001
200208110001
200208110002
200208110003  200208110004
200208110004  200208110003
200208110005
200208110006
200208110009
200208110010
200208110011
200208120001
200208120002
200208120003
200208120004
200208120005
200208130001
200208130002
200208130003
200208130004
200208130005  200208130007
200208130006
200208130007  200208130005
200208140001
200208140002
200208150001
200208150002
200208150003
200208150004
200208150005
200208160001
200208160002
200208160003
200208160005
200208170001
200208180001
200208180002
200208200001
200208200002
200208200003
200208200004
200208200005
200208210001
200208210002
200208210003
200208220001
200208220002
200208230001
200208230002
200208250001
200208250002
200208250003
200208250004
200208260001
200208260002  200208260003
200208260003  200208260002
200208260004
200208260005
200208260006
200208260008
200208260009
200208270001
200208270002
200208270003
200208280001
200208280002
200208280003
200208280004
200208290001
200208290002
200208290003
200208290004
200208290005
200208290006
200208290007
200208290008
200208300001
200208300002
200208300003
200208300004
200208300005
200208310001
200208310002
200208310003
200209010001
200209010002
200209010003
200209010005
200209010006
200209020001
200209020002
200209020003
200209020005
200209030001
200209050001
200209050002
200209050003
200209050005
200209050006
200209050007
200209050008
200209050009
200209060001
200209060002
200209060003
200209070001
200209080001
200209080002
200209090001
200209090002
200209110001
200209110002
200209110003
200209120001
200209130001
200209140001
200209140003
200209150001
200209150002
200209150003  200209150007  200209150008
200209150004
200209150005
200209150006
200209150007  200209150003  200209150008
200209150008  200209150003  200209150007
200209160001
200209160003
200209160004
200209170001
200209170002
200209180001
200209180002
200209180003
200209190001
200209190002
200209190003
200209190004
200209190005
200209190006
200209200001
200209210001
200209210002
200209220001
200209220003
200209230001
200209240001
200209240002
200209240003
200209250001
200209250002
200209260001
200209260002
200209280001
200209280002
200209280003  200209290006
200209290002
200209290003
200209290006  200209280003
200209290007
200210000001  200210000002  200210000003  200210000004  200210000005  200210000006  200210000007  200210000008  200210000009  200210000010  200210000011  200210000012  200210000013  200210000014  200210180003
200210000002  200210000001  200210000003  200210000004  200210000005  200210000006  200210000007  200210000008  200210000009  200210000010  200210000011  200210000012  200210000013  200210000014  200210180003
200210000003  200210000001  200210000002  200210000004  200210000005  200210000006  200210000007  200210000008  200210000009  200210000010  200210000011  200210000012  200210000013  200210000014  200210180003
200210000004  200210000001  200210000002  200210000003  200210000005  200210000006  200210000007  200210000008  200210000009  200210000010  200210000011  200210000012  200210000013  200210000014  200210180003
200210000005  200210000001  200210000002  200210000003  200210000004  200210000006  200210000007  200210000008  200210000009  200210000010  200210000011  200210000012  200210000013  200210000014  200210180003
200210000006  200210000001  200210000002  200210000003  200210000004  200210000005  200210000007  200210000008  200210000009  200210000010  200210000011  200210000012  200210000013  200210000014  200210180003
200210000007  200210000001  200210000002  200210000003  200210000004  200210000005  200210000006  200210000008  200210000009  200210000010  200210000011  200210000012  200210000013  200210000014  200210180003
200210000008  200210000001  200210000002  200210000003  200210000004  200210000005  200210000006  200210000007  200210000009  200210000010  200210000011  200210000012  200210000013  200210000014  200210180003
200210000009  200210000001  200210000002  200210000003  200210000004  200210000005  200210000006  200210000007  200210000008  200210000010  200210000011  200210000012  200210000013  200210000014  200210180003
200210000010  200210000001  200210000002  200210000003  200210000004  200210000005  200210000006  200210000007  200210000008  200210000009  200210000011  200210000012  200210000013  200210000014  200210180003
200210000011  200210000001  200210000002  200210000003  200210000004  200210000005  200210000006  200210000007  200210000008  200210000009  200210000010  200210000012  200210000013  200210000014  200210180003
200210000012  200210000001  200210000002  200210000003  200210000004  200210000005  200210000006  200210000007  200210000008  200210000009  200210000010  200210000011  200210000013  200210000014  200210180003
200210000013  200210000001  200210000002  200210000003  200210000004  200210000005  200210000006  200210000007  200210000008  200210000009  200210000010  200210000011  200210000012  200210000014  200210180003
200210000014  200210000001  200210000002  200210000003  200210000004  200210000005  200210000006  200210000007  200210000008  200210000009  200210000010  200210000011  200210000012  200210000013  200210180003
200210010001
200210010002
200210010003  200210010004
200210010004  200210010003
200210020001
200210020002
200210020003
200210020004
200210030001
200210030002
200210030003
200210030004
200210040001
200210040002
200210060001
200210070001
200210070002
200210080001
200210080002
200210080003
200210080004
200210080005
200210080006
200210090001
200210090002
200210100001
200210100002
200210110001
200210110002
200210110004
200210120001
200210120002
200210120003
200210120004  200210120005
200210120005  200210120004
200210120006
200210120007
200210130001
200210130002
200210140001
200210150002
200210160001  200210160002  200210160003
200210160002  200210160001  200210160003
200210160003  200210160001  200210160002
200210160004
200210170001  200210170002
200210170002  200210170001
200210170003
200210180001
200210180002
200210180003  200210000001  200210000002  200210000003  200210000004  200210000005  200210000006  200210000007  200210000008  200210000009  200210000010  200210000011  200210000012  200210000013  200210000014
200210190001
200210200001
200210200002
200210210001
200210210002
200210210003
200210220001
200210220002
200210230001
200210230002
200210230003
200210230004
200210230005
200210240001
200210240002
200210250001
200210260003
200210270001
200210270002
200210270004
200210280001
200210290001
200210290002
200210290003  200210300002  200210300003  200210300004  200210300005
200210300001
200210300002  200210290003  200210300003  200210300004  200210300005
200210300003  200210290003  200210300002  200210300004  200210300005
200210300004  200210290003  200210300002  200210300003  200210300005
200210300005  200210290003  200210300002  200210300003  200210300004
200211010001
200211010002
200211020001
200211020002  200211020003
200211020003  200211020002
200211020004
200211030001
200211030002
200211030003
200211030004  200211030005  200211030006  200211030007
200211030005  200211030004  200211030006  200211030007
200211030006  200211030004  200211030005  200211030007
200211030007  200211030004  200211030005  200211030006
200211030008
200211040001
200211040002
200211040003
200211040004  200211040005
200211040005  200211040004
200211040006
200211040007
200211040008
200211050001
200211060001
200211080001  200211080002
200211080002  200211080001
200211090001
200211090002
200211090003
200211090004
200211100001
200211110001
200211110002
200211110003
200211120001
200211120002  200211120003  200211120004
200211120003  200211120002  200211120004
200211120004  200211120002  200211120003
200211120005
200211130001  200211130002
200211130002  200211130001
200211130003
200211130007
200211140001
200211140002
200211140003
200211140004
200211150001
200211150002
200211150003
200211160001
200211170001
200211170002
200211170003
200211180001
200211180002
200211180003
200211190001
200211190002  200211190003
200211190003  200211190002
200211200001
200211200002
200211200003
200211200004
200211200005
200211210001
200211210002
200211210003
200211210004
200211210005
200211210006  200211210007
200211210007  200211210006
200211210008
200211220001
200211220002
200211230001
200211230002
200211230003  200211230004
200211230004  200211230003
200211230005
200211240001
200211250001
200211250002
200211250003
200211250004
200211250005
200211260001
200211260002
200211260003  200211260004  200211270003
200211260004  200211260003  200211270003
200211260005
200211260006
200211270001
200211270002
200211270003  200211260003  200211260004
200211280001
200211280002
200211280003
200211280004
200211280005
200211280006
200211280007
200211280008
200211300001
200212010001
200212010002
200212020001
200212020002
200212020003
200212030001
200212030002
200212040001
200212040002
200212040003
200212050001
200212050002
200212050003
200212070001
200212070002
200212070003
200212070004
200212080001
200212080002
200212090001
200212090002
200212110001
200212120001
200212120002
200212120003
200212120004
200212130001
200212130002
200212130003
200212130004
200212130005
200212130006
200212130007  200212130008  200212140001  200212160003  200212160004
200212130008  200212130007  200212140001  200212160003  200212160004
200212140001  200212130007  200212130008  200212160003  200212160004
200212160001
200212160002
200212160003  200212130007  200212130008  200212140001  200212160004
200212160004  200212130007  200212130008  200212140001  200212160003
200212170001
200212170002
200212180001  200212180002  200212180003  200212180004
200212180002  200212180001  200212180003  200212180004
200212180003  200212180001  200212180002  200212180004
200212180004  200212180001  200212180002  200212180003
200212180005
200212190001
200212190002
200212190003
200212200001
200212210001
200212230001
200212240001
200212250001
200212260001
200212270001
200212270002
200212270003
200212280001
200212300001
200305050010
