200301010001
200301010002  200301010003  200301010004  200301010005  200301010006  200301010007  200301010008  200301010009  200301010010  200301010011  200301010012
200301010003  200301010002  200301010004  200301010005  200301010006  200301010007  200301010008  200301010009  200301010010  200301010011  200301010012
200301010004  200301010002  200301010003  200301010005  200301010006  200301010007  200301010008  200301010009  200301010010  200301010011  200301010012
200301010005  200301010002  200301010003  200301010004  200301010006  200301010007  200301010008  200301010009  200301010010  200301010011  200301010012
200301010006  200301010002  200301010003  200301010004  200301010005  200301010007  200301010008  200301010009  200301010010  200301010011  200301010012
200301010007  200301010002  200301010003  200301010004  200301010005  200301010006  200301010008  200301010009  200301010010  200301010011  200301010012
200301010008  200301010002  200301010003  200301010004  200301010005  200301010006  200301010007  200301010009  200301010010  200301010011  200301010012
200301010009  200301010002  200301010003  200301010004  200301010005  200301010006  200301010007  200301010008  200301010010  200301010011  200301010012
200301010010  200301010002  200301010003  200301010004  200301010005  200301010006  200301010007  200301010008  200301010009  200301010011  200301010012
200301010011  200301010002  200301010003  200301010004  200301010005  200301010006  200301010007  200301010008  200301010009  200301010010  200301010012
200301010012  200301010002  200301010003  200301010004  200301010005  200301010006  200301010007  200301010008  200301010009  200301010010  200301010011
200301010013
200301010014
200301010015
200301010016
200301020001
200301020002
200301020003
200301020004
200301020005
200301030001
200301030002
200301030003
200301030004
200301030005
200301030006
200301030007
200301030008
200301030009
200301030010
200301030011
200301040001
200301040002
200301040003
200301040004
200301040006
200301050001
200301050002
200301050003
200301050004
200301050005
200301050006
200301050007
200301050008
200301060001
200301060002
200301060003
200301060004
200301060005
200301070001
200301070002
200301070003
200301070004
200301070006
200301070007
200301080001
200301080002
200301080003
200301080004
200301090001
200301090002  200301090003
200301090003  200301090002
200301090005
200301090006
200301100001
200301100002
200301100003
200301100004
200301100005
200301100006
200301100007
200301100008
200301100009
200301110001
200301110002
200301110003
200301110004
200301110005
200301110006
200301110008
200301110009
200301120001
200301120002
200301120003
200301120004
200301120005
200301120006  200301120007
200301120007  200301120006
200301130002
200301130003
200301130004  200301130005
200301130005  200301130004
200301130006
200301130007
200301130008
200301140001
200301140002
200301140003
200301140004
200301140005
200301150001
200301150002
200301150003
200301150004
200301150005
200301150006
200301160001
200301160002
200301160003  200301160004  200301160005
200301160004  200301160003  200301160005
200301160005  200301160003  200301160004
200301160006
200301160007
200301160008  200301160009  200301160010
200301160009  200301160008  200301160010
200301160010  200301160008  200301160009
200301160011
200301160012
200301170001
200301170002
200301170003
200301180002
200301180003
200301190001
200301190002
200301190003
200301200001
200301200002
200301200003
200301200004
200301200005
200301200006  200301200007
200301200007  200301200006
200301200008
200301210001
200301210002
200301210003
200301220001
200301220002
200301220003
200301220004
200301230001
200301230002
200301230003
200301230004
200301230005
200301230006
200301230007
200301230008
200301240001
200301240002
200301240003
200301240004
200301250001
200301250002
200301250003
200301250004
200301260001
200301260002
200301260003
200301260004
200301260005
200301260006
200301260007
200301260008
200301260009
200301260010
200301260011
200301270001
200301270002  200301270003
200301270003  200301270002
200301280001
200301280002
200301280003
200301280004
200301280005
200301280006
200301280007
200301280008
200301280009
200301280010
200301280011
200301280012  200301280013  200301280014
200301280013  200301280012  200301280014
200301280014  200301280012  200301280013
200301280015
200301290001
200301290002
200301300001
200301300002
200301310001
200301310002
200301310003
200301310004
200302000001  200302000002  200302000003  200302000004  200302000005  200302000006  200303080008
200302000002  200302000001  200302000003  200302000004  200302000005  200302000006  200303080008
200302000003  200302000001  200302000002  200302000004  200302000005  200302000006  200303080008
200302000004  200302000001  200302000002  200302000003  200302000005  200302000006  200303080008
200302000005  200302000001  200302000002  200302000003  200302000004  200302000006  200303080008
200302000006  200302000001  200302000002  200302000003  200302000004  200302000005  200303080008
200302010002
200302020001
200302020002
200302020003
200302020004
200302030001
200302030002
200302030003
200302030004
200302040002
200302040003
200302040004
200302060001
200302060002
200302060003
200302070001
200302070002
200302070003
200302070004
200302070005
200302080001
200302080002
200302080003  200302080004
200302080004  200302080003
200302080005
200302080006
200302080007
200302080008
200302090001
200302090002
200302090003
200302090004
200302090005
200302090006
200302100001
200302100002
200302100003
200302100004
200302100005  200302100006
200302100006  200302100005
200302100007
200302100008
200302100009
200302100010
200302100011
200302120001
200302120002  200302120003
200302120003  200302120002
200302130001
200302130002
200302130003
200302130004
200302140001
200302140002
200302150001
200302150002
200302160001
200302160002
200302160003
200302160004
200302180002
200302180003  200302180004  200302180005  200302180006
200302180004  200302180003  200302180005  200302180006
200302180005  200302180003  200302180004  200302180006
200302180006  200302180003  200302180004  200302180005
200302180007  200302180008
200302180008  200302180007
200302180009
200302190001
200302190002
200302200001
200302200002
200302200003
200302210001  200302210002
200302210002  200302210001
200302210003
200302210004
200302210005
200302210006
200302220001
200302220002
200302230001
200302230002
200302230003
200302230004
200302240001
200302240002
200302250001  200302250002
200302250002  200302250001
200302250003
200302250004
200302250005  200302250006
200302250006  200302250005
200302250007  200302250008
200302250008  200302250007
200302250009
200302250010
200302260001
200302260002
200302260003
200302260004
200302270001
200302270002  200302270003
200302270003  200302270002
200302270004
200302270005
200302280001
200302280002
200303010001
200303010002
200303020002
200303020004
200303030001
200303030002
200303030003
200303030004
200303030005
200303030006
200303040001
200303040002
200303040003
200303040005
200303040006
200303040007
200303040008
200303040010
200303040011
200303040012
200303050001
200303050002
200303050003
200303050004
200303050005
200303050006
200303050007
200303050008
200303050009
200303060001
200303060003
200303060004
200303070001
200303070002
200303070003  200303070004
200303070004  200303070003
200303070005
200303070006
200303070007
200303080001  200303080002  200303080003  200303080004
200303080002  200303080001  200303080003  200303080004
200303080003  200303080001  200303080002  200303080004
200303080004  200303080001  200303080002  200303080003
200303080005
200303080006
200303080007
200303080008  200302000001  200302000002  200302000003  200302000004  200302000005  200302000006
200303090001
200303090002
200303100002
200303100003
200303100004
200303100005
200303100006
200303110001
200303110002
200303110003
200303110004
200303110005
200303110006
200303110007
200303110008
200303110009
200303110010  200303110011  200303110012
200303110011  200303110010  200303110012
200303110012  200303110010  200303110011
200303120001
200303120002  200303120003
200303120003  200303120002
200303120004
200303120005
200303120006
200303120007
200303130001
200303130002
200303130003
200303130004
200303130005
200303140001
200303140002
200303140003
200303140004
200303140005
200303140006
200303140007
200303140008
200303150001
200303150002
200303150003
200303150004
200303150005
200303150006
200303160001
200303160002
200303160003
200303160004
200303170001
200303170002
200303170003
200303170004
200303170005
200303170006
200303180001
200303180002
200303180003
200303180004
200303180005
200303180006
200303180007
200303190001
200303190002
200303190003
200303190004
200303190005
200303190006
200303200001
200303200002
200303200003
200303210001
200303210002
200303210003
200303210004
200303210005  200303210006
200303210006  200303210005
200303210008  200303210009
200303210009  200303210008
200303220001
200303220002
200303220003
200303220004
200303220005
200303220006
200303220008  200303230009  200303230010
200303220009
200303220010
200303230001
200303230002
200303230003
200303230004  200303230012  200303230013  200303230014
200303230006
200303230007
200303230008
200303230009  200303220008  200303230010
200303230010  200303220008  200303230009
200303230011
200303230012  200303230004  200303230013  200303230014
200303230013  200303230004  200303230012  200303230014
200303230014  200303230004  200303230012  200303230013
200303240002
200303240003
200303250001
200303250002
200303250003
200303250004
200303250005
200303260001
200303260002
200303260003
200303260004
200303260005
200303260006
200303260007
200303260008
200303260009
200303260010
200303270001
200303270002
200303270003
200303270004
200303270005
200303270006
200303270007
200303280001
200303280002
200303280004
200303280005
200303280006
200303280007
200303280008
200303290001
200303290002
200303290003
200303290004
200303290005
200303290006
200303300001
200303300002  200303300006
200303300003
200303300004
200303300005
200303300006  200303300002
200303310001
200303310002  200303310003
200303310003  200303310002
200303310004
200304010001
200304020001
200304020002
200304020003
200304030001
200304030003
200304030005
200304030006
200304040001
200304050001
200304060001
200304070001
200304070002
200304080001
200304080002
200304080003
200304080005
200304080006
200304090001
200304090002
200304090003
200304090004
200304100001
200304100003
200304100004
200304110001
200304110002
200304120001
200304120002
200304120003
200304120004  200304120005
200304120005  200304120004
200304120006
200304130001
200304130002
200304130003
200304130004
200304140001
200304140002
200304140003  200304140004
200304140004  200304140003
200304140006
200304140007
200304140008
200304140009
200304150001
200304150002
200304150003
200304170001
200304170002
200304170003
200304170004
200304170005
200304170006
200304180001
200304180002
200304180003
200304180004
200304180005
200304190001
200304190002
200304190003
200304200001
200304210001
200304210002
200304220001
200304220002
200304230001
200304240001
200304240002
200304240003
200304260001
200304260002
200304260004
200304270001
200304270002
200304290001
200304290002
200304290003
200304300001
200304300002
200304300003
200304300004
200305010001
200305010002
200305010003
200305010004
200305010005
200305010006
200305020001
200305020002
200305020003
200305020004
200305020005
200305020006
200305020007
200305020008
200305030001
200305030002
200305040001
200305040002
200305040003
200305040005
200305050001
200305050002
200305050003
200305050004
200305050005
200305050006
200305050007
200305050008
200305050009
200305060001
200305060002
200305060003
200305060004
200305060006
200305060007
200305060009
200305070001
200305070002
200305070003
200305070005
200305070006
200305070007
200305080001
200305080002
200305080003
200305080004
200305080005
200305090001
200305090002
200305090003
200305090004
200305090005
200305090006
200305090007
200305090008
200305100001
200305100002
200305100003  200305100004
200305100004  200305100003
200305100005
200305120001
200305120002
200305120003
200305120004
200305120005
200305120006  200305120007  200305120008  200305120009
200305120007  200305120006  200305120008  200305120009
200305120008  200305120006  200305120007  200305120009
200305120009  200305120006  200305120007  200305120008
200305130001
200305130002
200305130003
200305130004
200305130006
200305130007
200305140001
200305140003
200305140005
200305140006
200305150001
200305150002
200305160002
200305160003  200305160004  200305160005  200305160006  200305160007
200305160004  200305160003  200305160005  200305160006  200305160007
200305160005  200305160003  200305160004  200305160006  200305160007
200305160006  200305160003  200305160004  200305160005  200305160007
200305160007  200305160003  200305160004  200305160005  200305160006
200305170001
200305170002
200305170003
200305170004
200305170005
200305170007
200305180001
200305180002
200305190001  200305190002
200305190002  200305190001
200305190003
200305190004
200305190005
200305190006
200305190007
200305190009
200305200002
200305200003
200305200004
200305210001
200305210003  200305210004  200305210005  200305210006
200305210004  200305210003  200305210005  200305210006
200305210005  200305210003  200305210004  200305210006
200305210006  200305210003  200305210004  200305210005
200305210007
200305220001
200305220002
200305220006
200305230001
200305230002
200305230004
200305230005
200305240001
200305240002
200305240003
200305240004
200305240005
200305240006
200305250001
200305250002
200305250003
200305250004
200305250005
200305260001
200305260002
200305260003
200305260004
200305260005
200305260006
200305260007
200305270001
200305270002
200305270003
200305270004
200305270006
200305270008
200305280001
200305280002
200305280003
200305290001
200305290002
200305300001
200305300002
200305300003
200305300004
200305310003
200305310004
200305310005
200305310006
200306010001
200306010002
200306010004
200306020001
200306020002
200306030002
200306030003
200306040001
200306040003  200306040004  200306040005  200306040006  200306040007  200306040008  200306040009  200306040010
200306040004  200306040003  200306040005  200306040006  200306040007  200306040008  200306040009  200306040010
200306040005  200306040003  200306040004  200306040006  200306040007  200306040008  200306040009  200306040010
200306040006  200306040003  200306040004  200306040005  200306040007  200306040008  200306040009  200306040010
200306040007  200306040003  200306040004  200306040005  200306040006  200306040008  200306040009  200306040010
200306040008  200306040003  200306040004  200306040005  200306040006  200306040007  200306040009  200306040010
200306040009  200306040003  200306040004  200306040005  200306040006  200306040007  200306040008  200306040010
200306040010  200306040003  200306040004  200306040005  200306040006  200306040007  200306040008  200306040009
200306050001
200306050002
200306060001
200306070001
200306080001
200306080002
200306110002
200306130001
200306140001
200306150001
200306150002
200306150003
200306150004
200306150005
200306150006
200306160001
200306160002
200306160003
200306160004
200306170001
200306170002
200306170003
200306170004
200306170005
200306190001
200306200001
200306200003
200306210001
200306210002
200306210004
200306220001
200306220002  200306220004
200306220004  200306220002
200306230001  200306230006
200306230002
200306230003
200306230004
200306230005
200306230006  200306230001
200306240002
200306240003
200306260001
200306270001
200306280001
200306300001
200306300002
200307010001
200307010002
200307010003
200307010004
200307020001
200307020002
200307020003
200307030001  200307030002  200307030003
200307030002  200307030001  200307030003
200307030003  200307030001  200307030002
200307030004
200307030005
200307040001
200307040002
200307040003
200307040004
200307040005
200307040006
200307050001
200307050002
200307050003
200307050004
200307060001
200307070001  200307070002  200307070003  200307070004
200307070002  200307070001  200307070003  200307070004
200307070003  200307070001  200307070002  200307070004
200307070004  200307070001  200307070002  200307070003
200307070005  200307070006  200307070007  200307070008
200307070006  200307070005  200307070007  200307070008
200307070007  200307070005  200307070006  200307070008
200307070008  200307070005  200307070006  200307070007
200307070009
200307080001
200307080002
200307090001  200307090002  200307090003
200307090002  200307090001  200307090003
200307090003  200307090001  200307090002
200307090004
200307090005
200307100001
200307100002
200307100003
200307100004
200307100005
200307110001
200307110002
200307120001
200307120002
200307130001
200307140001
200307140002
200307140003  200307140004  200307140005  200307140006
200307140004  200307140003  200307140005  200307140006
200307140005  200307140003  200307140004  200307140006
200307140006  200307140003  200307140004  200307140005
200307140007
200307150001  200307150002  200307150003  200307150004
200307150002  200307150001  200307150003  200307150004
200307150003  200307150001  200307150002  200307150004
200307150004  200307150001  200307150002  200307150003
200307150005
200307160001
200307160002
200307160003
200307160004
200307160005
200307160006
200307160007
200307160008
200307170001
200307170002
200307170003  200307170004
200307170004  200307170003
200307170005
200307170006
200307180001
200307180002
200307190001  200307190002
200307190002  200307190001
200307190003
200307200001
200307200002
200307200003
200307210001
200307210002
200307210003
200307210004
200307220001
200307220002
200307220003  200307220004
200307220004  200307220003
200307250001
200307250002
200307250003
200307250004  200307250008  200307250009
200307250005
200307250006  200307250007
200307250007  200307250006
200307250008  200307250004  200307250009
200307250009  200307250004  200307250008
200307260001
200307270001
200307270002
200307270003
200307270004
200307270005
200307280001
200307280002
200307280003
200307280004
200307290001
200307290002
200307290003
200307290004
200307300001
200307300002
200307310001
200308010001
200308010002
200308010003
200308010004
200308020001
200308020002
200308020003
200308030001
200308030002
200308030003
200308040002  200308040003
200308040003  200308040002
200308050001
200308060002
200308070001
200308070002
200308070003
200308080001
200308080002
200308080003
200308090001
200308100001
200308100002
200308100004
200308120001
200308120002
200308130001
200308190001
200308190002
200308200001
200308220001
200308250001
200308260001
200308280001  200308280002
200308280001  200308280002
200308290001
200309010001  200309010002
200309010002  200309010001
200309010003
200309020001  200309020002  200309020003
200309020002  200309020001  200309020003
200309020003  200309020001  200309020002
200309030001
200309030002
200309030003
200309040001
200309040002
200309050001
200309050002
200309060001
200309060002
200309060003
200309060004
200309070001
200309070002
200309080001
200309080002
200309080003
200309090001
200309090002
200309090003
200309090004
200309100001
200309100002
200309110001
200309110002
200309130001
200309140001
200309140002
200309150001
200309150002
200309170001
200309170002
200309190001
200309200001
200309200002
200309220001
200309220002
200309220003
200309230001
200309230002
200309230003
200309230004
200309240001
200309240002
200309240003
200309240004
200309240005
200309240006
200309240007
200309250001
200309250002
200309250003
200309260001
200309260002
200309260003
200309260004
200309260005
200309270001
200309270002
200309280001
200309280002
200309280003
200309280004
200309290001
200309290002
200309290003  200309290004
200309290004  200309290003
200309300001
200309300002
200310010001
200310010002  200310010003  200310010004  200310010005
200310010003  200310010002  200310010004  200310010005
200310010004  200310010002  200310010003  200310010005
200310010005  200310010002  200310010003  200310010004
200310020001  200310020002  200310020003
200310020002  200310020001  200310020003
200310020003  200310020001  200310020002
200310020004
200310030001
200310030002
200310040001
200310040002
200310060001
200310070001
200310070002
200310080001
200310080002
200310090001  200310090002
200310090002  200310090001
200310090003
200310090004
200310090005
200310100001
200310100002
200310100003
200310100004
200310120001
200310120002
200310130001
200310140001
200310140002
200310150001
200310150002
200310150003
200310160001
200310160002  200310160003
200310160003  200310160002
200310160004
200310160005
200310170001
200310170002
200310200001  200310200002
200310200002  200310200001
200310210001
200310220001
200310220002
200310230001
200310250001
200310250002
200310260001
200310270001  200310270002  200310270003  200310270004
200310270002  200310270001  200310270003  200310270004
200310270003  200310270001  200310270002  200310270004
200310270004  200310270001  200310270002  200310270003
200310280001
200310290001
200310290002
200310310001
200311010001
200311010002
200311010003
200311020001
200311020002
200311020003
200311030001
200311030002
200311030003
200311030004
200311030005
200311040001
200311050001
200311050002
200311050003
200311050004
200311050005
200311060001  200311060002  200311060003
200311060002  200311060001  200311060003
200311060003  200311060001  200311060002
200311070001
200311080001
200311080002
200311080004
200311090001
200311090002
200311090003
200311100001
200311100002
200311100003
200311100004
200311100005
200311110001
200311110002
200311110003
200311120001
200311120003
200311120004
200311120005
200311130003
200311140001
200311140002
200311140003  200311140004
200311140004  200311140003
200311150001
200311150003
200311160001
200311170001  200311180001
200311170002
200311170003
200311180001  200311170001
200311180002
200311180003
200311180004
200311180005
200311180006
200311180007
200311180008
200311180009
200311190001
200311190003
200311190004
200311190005
200311190007
200311200001
200311200005  200311200006
200311200006  200311200005
200311200007
200311200008
200311200009
200311210001  200311210002  200311210003
200311210002  200311210001  200311210003
200311210003  200311210001  200311210002
200311210004
200311220001
200311220003
200311220004  200311220005
200311220005  200311220004
200311220006
200311220007
200311230001
200311230002
200311240001
200311240002  200311240003
200311240003  200311240002
200311240004
200311240005  200311240006
200311240006  200311240005
200311240007
200311240008
200311250001  200311250004
200311250004  200311250001
200311260001
200311270001
200311270003
200311270004
200311270005
200311270006
200311270007
200311280001
200311280002
200311280003
200311290001
200311290003
200311290004
200311290005
200311300002
200312010001  200312010002
200312010002  200312010001
200312010003
200312010004
200312020001
200312020002
200312020003
200312020004
200312030001
200312030002
200312030003
200312040001
200312040002
200312040003
200312040004
200312040005
200312050001
200312050002
200312050003
200312060001
200312060002
200312060003
200312060004
200312060005
200312080001
200312080002
200312090001
200312090002  200312090003  200312090005  200312090006
200312090003  200312090002  200312090005  200312090006
200312090004
200312090005  200312090002  200312090003  200312090006
200312090006  200312090002  200312090003  200312090005
200312100001
200312100002
200312110001
200312120001
200312120002
200312140001
200312150001
200312160001
200312160002
200312160003
200312180001
200312190001
200312190002
200312200001
200312220001
200312220002
200312230001
200312230002
200312230003
200312240001  200312240002  200312240003
200312240002  200312240001  200312240003
200312240003  200312240001  200312240002
200312240004
200312250001
200312250002
200312250003
200312260001
200312260002
200312270001  200312280001  200312290002  200312300001
200312270002  200312270003  200312270004
200312270002  200312270003  200312270004
200312270002  200312270003  200312270004
200312270005
200312270006
200312270007
200312270008
200312270009
200312280001  200312270001  200312290002  200312300001
200312280002
200312280003
200312290001
200312290002  200312270001  200312280001  200312300001
200312290003
200312290004
200312290005
200312290006
200312300001  200312270001  200312280001  200312290002
200312310001
