200400110001
200401010001
200401010002
200401010003
200401020002
200401020003
200401030001
200401040001
200401040002
200401040003
200401050001
200401050002
200401050003
200401050004
200401060001
200401060002
200401060003
200401070001
200401070002
200401070003
200401070004
200401070005
200401080001
200401080002
200401080004
200401090001
200401090002
200401090003
200401090004
200401100001
200401100002
200401100003
200401100004
200401100005
200401100006
200401110001
200401110002
200401120001
200401120002
200401120003
200401120004
200401120005
200401130001
200401130002
200401140001
200401140002
200401140003
200401140004
200401150001
200401150002
200401150003
200401150004
200401160002
200401160003
200401170001
200401180001
200401180002
200401180003
200401180004
200401180005
200401180006
200401190001
200401190002
200401220001
200401230001
200401240001
200401250001
200401260001
200401270001
200401270002
200401270003
200401280001
200401280002
200401290001
200401300001
200401310001
200401310002
200401310003
200401310004
200401310005
200402010001
200402010008  200402010009
200402010009  200402010008
200402020010
200402050001
200402050009
200402060003
200402070001
200402070002
200402100001  200402110004
200402100002
200402110001
200402110004  200402100001
200402120001
200402120002
200402150005
200402150006
200402160001
200402160002
200402160003
200402160004
200402160005
200402160006
200402160007
200402160008  200402160009
200402160009  200402160008
200402160010
200402170001  200402170002
200402170002  200402170001
200402180001
200402180002
200402180003
200402180004
200402190001
200402210001
200402210002
200402220001
200402220002
200402230001
200402230002
200402250001
200402270001
200402270002
200402290002  200403010002
200403010001
200403010002  200402290002
200403020001  200403020003
200403020002
200403020003  200403020001
200403020004
200403020005
200403020006
200403020007
200403030001
200403030002
200403030003
200403040001
200403040002
200403040003
200403050001
200403050002
200403060001
200403060002
200403060003
200403060004
200403070001
200403070002
200403070003
200403080001
200403080002
200403080003
200403090001
200403090002
200403090003
200403090004
200403100001
200403100002
200403110001  200403110003  200403110004  200403110005  200403110006  200403110007
200403110002
200403110003  200403110001  200403110004  200403110005  200403110006  200403110007
200403110004  200403110001  200403110003  200403110005  200403110006  200403110007
200403110005  200403110001  200403110003  200403110004  200403110006  200403110007
200403110006  200403110001  200403110003  200403110004  200403110005  200403110007
200403110007  200403110001  200403110003  200403110004  200403110005  200403110006
200403120001
200403140001
200403140002
200403150001
200403160001
200403160002
200403170001
200403170002
200403170003
200403170004
200403180001
200403180002  200403180004
200403180003
200403180004  200403180002
200403190001
200403200001
200403210001
200403210002
200403210003
200403210004
200403220001
200403220002
200403240001
200403250001
200403250002
200403270001
200403270002
200403270003
200403280001
200403280002
200403280003
200403290001
200403290002
200403290003
200403290004
200403300001
200403300002
200403310001
200403310002
200403310003
200403310004
200403310005
200404010001
200404010002
200404010004
200404020001
200404020003
200404030001
200404030002
200404040001
200404040002
200404040003
200404040004
200404040005
200404040006
200404050001
200404050002
200404050003
200404050004
200404060001
200404060002
200404060003
200404060004
200404060005
200404070001
200404070002
200404080001
200404080002
200404080003
200404080004
200404090001
200404090002  200404090003
200404090003  200404090002
200404090004
200404100001
200404100002
200404100003
200404100004
200404100005
200404110001
200404110002
200404120001
200404130001
200404130003
200404140001
200404140002
200404140003
200404140004
200404140005
200404140007
200404150001
200404150002
200404150003
200404160001
200404160002
200404160003
200404160004
200404160005
200404170001
200404170002
200404170003
200404170005
200404180001
200404190002
200404190003  200404190004
200404190004  200404190003
200404190005
200404200001
200404200002
200404200003  200404200004  200404200005  200404200006  200404200007
200404200004  200404200003  200404200005  200404200006  200404200007
200404200005  200404200003  200404200004  200404200006  200404200007
200404200006  200404200003  200404200004  200404200005  200404200007
200404200007  200404200003  200404200004  200404200005  200404200006
200404200008
200404210002
200404210003
200404210004
200404210005
200404210012
200404220001
200404220002
200404230001
200404230002
200404230003
200404240001
200404240002
200404240004
200404240005
200404240006
200404250001
200404260001
200404260002
200404270001
200404270002
200404280001
200404300001
200404300002
200405010001
200405010002
200405010003
200405010004
200405010005
200405020001
200405020002
200405030001
200405030002
200405030003
200405030004
200405040001
200405050001
200405050002
200405050003
200405060001
200405060002
200405070001
200405090001
200405090002
200405090003
200405100001
200405100002
200405130001
200405130002
200405130003
200405130004
200405140001
200405140002
200405150001
200405160001
200405160002
200405170001  200405170002
200405170002  200405170001
200405170003
200405170004
200405170005
200405170006
200405170007
200405170008
200405180001
200405180002
200405180003
200405180004
200405190001
200405200001  200405200002  200405200003  200405200004  200405200005  200405200006  200405200007  200405200008
200405200002  200405200001  200405200003  200405200004  200405200005  200405200006  200405200007  200405200008
200405200003  200405200001  200405200002  200405200004  200405200005  200405200006  200405200007  200405200008
200405200004  200405200001  200405200002  200405200003  200405200005  200405200006  200405200007  200405200008
200405200005  200405200001  200405200002  200405200003  200405200004  200405200006  200405200007  200405200008
200405200006  200405200001  200405200002  200405200003  200405200004  200405200005  200405200007  200405200008
200405200007  200405200001  200405200002  200405200003  200405200004  200405200005  200405200006  200405200008
200405200008  200405200001  200405200002  200405200003  200405200004  200405200005  200405200006  200405200007
200405210001
200405210002
200405210003
200405210004
200405210005
200405220001
200405220002
200405220003
200405220004
200405220005
200405230001
200405230002
200405230003
200405240001
200405250001
200405250002
200405250003
200405250005
200405260001
200405260002
200405270001
200405270002
200405270003
200405270004
200405280001
200405290001
200405290002
200405290003
200405290004
200405300001
200405300002
200405300003
200405300004
200405300005
200405310001
200405310002
200405310003
200405310004
200405310005
200405310006
200406010001
200406020001
200406020002
200406020003
200406020004
200406030001
200406030002
200406030003
200406030004
200406030005
200406030006
200406030007
200406040001
200406040002
200406040003
200406040004
200406050001
200406050002
200406050003
200406050004
200406050005
200406050006
200406050007
200406050008
200406050009
200406050010
200406050011
200406060001
200406060002
200406060003
200406060004
200406060005
200406070001
200406070002
200406070003
200406070004
200406070005
200406070006
200406070007
200406080001
200406080002
200406080003
200406080004
200406080005
200406090001
200406090003
200406090004
200406090005
200406090006
200406090007
200406090008
200406090009
200406100001
200406100002
200406100003
200406100004
200406100005
200406100006
200406100007
200406100008
200406110001
200406110002
200406120001
200406120002
200406120003
200406120004
200406120005
200406130001
200406130002
200406130003
200406140001
200406140002
200406140003
200406140004
200406140005
200406140006
200406140007
200406140008
200406150001
200406150002
200406150003
200406150004
200406150005  200406150006
200406150006  200406150005
200406160001
200406160002
200406160003
200406160004
200406160007
200406160008
200406160009
200406160010
200406160011  200406160012
200406160012  200406160011
200406170001  200406170002
200406170002  200406170001
200406170003
200406170004
200406180001
200406180002
200406180003
200406190001
200406190002
200406190003
200406190004
200406200001
200406200002
200406200003
200406200004
200406200005
200406200006
200406200007
200406210001
200406210002
200406210003
200406210004
200406220001
200406220002
200406220003
200406220004
200406220005
200406230001
200406230002
200406230003
200406230004
200406230005
200406240001
200406240002  200406240004
200406240003
200406240004  200406240002
200406240005
200406240006
200406240007
200406260001
200406260002  200406260003
200406260003  200406260002
200406260004
200406260005
200406260006
200406260007
200406260008
200406270001
200406270002
200406270003
200406270004
200406280001
200406280002
200406280003
200406280004
200406290002
200406290003
200406290004
200406300001
200406300002
200406300003
200406300004
200407020001
200407020002
200407020003
200407020004
200407020005
200407030001
200407030002
200407030003  200407030004
200407030004  200407030003
200407030005
200407030006
200407030007
200407060001
200407060002
200407060003
200407070001
200407070002
200407070003
200407080001
200407080002
200407080003  200407100001  200407110006
200407080004
200407080005
200407090001
200407100001  200407080003  200407110006
200407100002
200407110001
200407110002
200407110003
200407110005
200407110006  200407080003  200407100001
200407120001
200407120002
200407120003
200407130001
200407140001
200407140002
200407150001
200407150002
200407150003
200407150004
200407150005
200407150006
200407150007
200407150008
200407150009
200407150010
200407160001
200407160002
200407170001
200407170002
200407170003
200407170004
200407180001
200407180003
200407180004
200407190001
200407190002
200407190004
200407190005
200407190006
200407200001
200407200002
200407210001
200407210002
200407210003
200407210005
200407210006
200407220001
200407220002
200407220003
200407230001
200407230002
200407240001
200407240002
200407240003
200407250001
200407250002
200407250003
200407250005
200407250007
200407260001
200407260002
200407260003
200407260004
200407260005
200407260006
200407260007
200407260008
200407260009
200407270001
200407270002
200407270003
200407280001
200407280002
200407280003
200407280004
200407280005
200407290002
200407290003
200407290004
200407300001  200407300002  200407300003
200407300002  200407300001  200407300003
200407300003  200407300001  200407300002
200407300004
200407300005
200407310001
200407310003
200407310004
200407310005
200407310006  200407310007  200407310008
200407310007  200407310006  200407310008
200407310008  200407310006  200407310007
200408010001  200408010002  200408010003  200408010004  200408010005
200408010002  200408010001  200408010003  200408010004  200408010005
200408010003  200408010001  200408010002  200408010004  200408010005
200408010004  200408010001  200408010002  200408010003  200408010005
200408010005  200408010001  200408010002  200408010003  200408010004
200408010006
200408010008
200408010009
200408010010
200408010011
200408010012
200408010013
200408010014
200408020001
200408020002
200408020003  200408020004
200408020004  200408020003
200408020005
200408030001
200408030002
200408030003
200408030004
200408030005
200408030006
200408030007
200408030008
200408030009
200408040001
200408040002
200408040003
200408040004
200408050001
200408060001
200408060002
200408070001  200408070002
200408070002  200408070001
200408080001
200408080002
200408080003
200408090001  200408090002  200408090003
200408090002  200408090001  200408090003
200408090003  200408090001  200408090002
200408100001
200408100002
200408110001
200408110002
200408110003
200408120001  200408120002
200408120002  200408120001
200408130001
200408130002
200408130003
200408130004
200408140001
200408150001
200408150002
200408150003
200408160001
200408160002
200408160003
200408170001
200408170002
200408170003
200408180001
200408180002
200408180003
200408190001
200408200001
200408200003
200408200005
200408200006
200408210001
200408210002
200408210003
200408210004
200408220001
200408220003
200408220004
200408230002
200408240001  200408240002
200408240002  200408240001
200408240003  200408240004
200408240004  200408240003
200408240005
200408250001
200408250002
200408250003
200408250004  200408250005
200408250005  200408250004
200408250006  200408260010
200408260001
200408260002
200408260003
200408260004
200408260005
200408260006
200408260007
200408260008
200408260010  200408250006
200408270001
200408270002
200408270003
200408270004
200408270005
200408270006
200408270007
200408270008
200408270009
200408280001
200408280002  200408280006
200408280003
200408280004
200408280005
200408280006  200408280002
200408300001  200408300002
200408300002  200408300001
200408300003
200408310001
200408310002
200408310003
200408310005
200409010001
200409010002
200409020001
200409020003
200409030001
200409030002
200409030003
200409030004
200409030006
200409030007
200409040001
200409050001
200409050002
200409050003
200409050004
200409050006
200409060001
200409060002
200409060003
200409070001
200409080001
200409090001
200409100001
200409100002
200409100003
200409100004  200409100005  200409100006  200409100007
200409100005  200409100004  200409100006  200409100007
200409100006  200409100004  200409100005  200409100007
200409100007  200409100004  200409100005  200409100006
200409110001
200409110002
200409120001
200409120002
200409120003
200409120004  200409120005  200409120006
200409120005  200409120004  200409120006
200409120006  200409120004  200409120005
200409130001
200409140001
200409140002
200409140003
200409140004
200409140005
200409140007
200409150001
200409150002
200409150003
200409150004
200409160001
200409160002
200409160003
200409160004
200409160005
200409160006
200409170001
200409170002
200409170003
200409170004
200409180001
200409180002
200409180003
200409180004
200409190001
200409190002
200409190003
200409200001
200409210001
200409210002
200409220001
200409220002
200409220003
200409220004
200409230001
200409230002
200409230003
200409230004
200409230005
200409240001
200409250001  200409250002
200409250002  200409250001
200409250003
200409250004
200409260001
200409260002
200409260003
200409260004
200409260005
200409270001
200409270002
200409270003
200409270004
200409280001
200409280002
200409280003
200409280004  200409280005  200409280006  200409280007
200409280005  200409280004  200409280006  200409280007
200409280006  200409280004  200409280005  200409280007
200409280007  200409280004  200409280005  200409280006
200409280008
200409290001
200409290002
200409300001
200409300002
200409300003
200409300004
200410010001
200410010002
200410010003
200410020002
200410020003
200410020004
200410020005  200410020006  200410030001  200410030002
200410020006  200410020005  200410030001  200410030002
200410030001  200410020005  200410020006  200410030002
200410030002  200410020005  200410020006  200410030001
200410030004
200410030005
200410040001
200410040002
200410040003  200410040004
200410040004  200410040003
200410050001
200410050002
200410050003
200410060001
200410060002
200410060003
200410060005
200410060006
200410070001
200410070002  200410070003  200410070004
200410070002  200410070003  200410070004
200410070002  200410070003  200410070004
200410080001
200410080002
200410080003
200410080004
200410080005
200410090001
200410090002
200410090004
200410090005
200410090006
200410100001
200410100002  200410100003  200410100004
200410100003  200410100002  200410100004
200410100004  200410100002  200410100003
200410100005
200410110001
200410110002
200410110006
200410110007
200410110009
200410110011
200410120001
200410120002
200410120003
200410130001
200410130002
200410130004
200410130005
200410140002
200410140003
200410140004
200410140005
200410140006
200410140007
200410140008
200410140009
200410140010
200410140011
200410150001
200410150004
200410160001  200410160006  200410160007  200410160008  200410160009
200410160002
200410160004
200410160005
200410160006  200410160001  200410160007  200410160008  200410160009
200410160007  200410160001  200410160006  200410160008  200410160009
200410160008  200410160001  200410160006  200410160007  200410160009
200410160009  200410160001  200410160006  200410160007  200410160008
200410170001
200410170002
200410170003
200410180001
200410180002
200410190001
200410190002
200410190004
200410190006
200410200001
200410210001
200410210003
200410230001
200410230002
200410230004
200410230005
200410240001
200410240003
200410240004
200410240005
200410240006
200410240007
200410250001
200410250003  200410250008
200410250007
200410250008  200410250003
200410250009
200410250011
200410260001
200410270002
200410270003
200410280001
200410280002
200410280004
200410280005
200410280006
200410290001
200410290002
200410290003
200410300002
200410310001  200410310003
200410310002
200410310001  200410310003
200411000001
200411010001
200411010002
200411010003
200411010004
200411010005
200411010006
200411010007
200411010008
200411010009
200411020001
200411020002
200411020003
200411020004
200411020005
200411020006
200411020007
200411020008
200411030001
200411040001
200411040002
200411040003
200411050001  200411050002
200411050002  200411050001
200411060001  200411060002
200411060002  200411060001
200411070001
200411070002
200411070003  200411070004
200411070004  200411070003
200411080001
200411080002  200411080003  200411080004
200411080003  200411080002  200411080004
200411080004  200411080002  200411080003
200411080005
200411080006
200411090001
200411090002  200411090003
200411090003  200411090002
200411110001
200411110002
200411110003
200411110004
200411110005
200411120001
200411130001
200411130002
200411130003
200411150001  200411150002
200411150002  200411150001
200411170002
200411180001
200411180002
200411180003
200411190001
200411190002
200411190003
200411190004
200411210001
200411230002
200411230003
200411240001
200411250001
200411250002  200411250003
200411250003  200411250002
200411260001
200411260002
200411270001
200411280001
200411280002
200411290001
200411290003
200411290006
200412000001
200412010001
200412020001
200412020002
200412020003
200412030001  200412030002  200412030003  200412030004  200412030005
200412030002  200412030001  200412030003  200412030004  200412030005
200412030003  200412030001  200412030002  200412030004  200412030005
200412030004  200412030001  200412030002  200412030003  200412030005
200412030005  200412030001  200412030002  200412030003  200412030004
200412030006
200412030007
200412040001
200412040002
200412050001
200412050002
200412050003
200412060002
200412060003  200412060004  200412060005  200412060006  200412060007  200412060008  200412060009
200412060004  200412060003  200412060005  200412060006  200412060007  200412060008  200412060009
200412060005  200412060003  200412060004  200412060006  200412060007  200412060008  200412060009
200412060006  200412060003  200412060004  200412060005  200412060007  200412060008  200412060009
200412060007  200412060003  200412060004  200412060005  200412060006  200412060008  200412060009
200412060008  200412060003  200412060004  200412060005  200412060006  200412060007  200412060009
200412060009  200412060003  200412060004  200412060005  200412060006  200412060007  200412060008
200412070001
200412080001
200412080002
200412080003
200412090001  200412090002
200412090002  200412090001
200412090004
200412090005
200412090006
200412090007
200412100001
200412100002
200412100003
200412100004  200412100008  200412100009
200412100005
200412100006
200412100007
200412100008  200412100004  200412100009
200412100009  200412100004  200412100008
200412110001
200412110002
200412120001
200412120002
200412120004
200412130001
200412140001
200412140002
200412140003
200412150001
200412150002
200412150003
200412150004
200412150005
200412150006
200412170001
200412190001
200412190003
200412190004
200412200001
200412220001
200412230001
200412240001
200412240002
200412240003
200412240004
200412250001
200412250003
200412260001
200412270001
200412270002
200412270003
200412270004
200412280001
200412290001
200412290002
200412290003
200412300001
200412300002
200412310001
