200801010001
200801010002
200801010003
200801010004
200801010005
200801010006
200801010008
200801010009
200801010010
200801010011
200801010012
200801010013
200801010014
200801010015
200801010016
200801010017
200801010018
200801010019
200801010020
200801010021
200801010022
200801010023
200801010024
200801010025
200801010026
200801020001
200801020002
200801020003
200801020004
200801020005
200801020006
200801020007
200801020008
200801020009
200801020010
200801020011
200801020012
200801020013
200801020014
200801020015
200801020016
200801020017
200801020018
200801020019
200801020020
200801030001
200801030002
200801030003
200801030004
200801030005
200801030007
200801030008
200801030009
200801030010
200801030011
200801040001
200801040002
200801040003
200801040004
200801040006
200801040007
200801040008
200801040009
200801040010
200801040011
200801040014
200801050001
200801050002
200801050003
200801050004
200801050005
200801050006
200801050008
200801050009
200801050010
200801050011
200801050012
200801050013
200801050015
200801050016
200801050017
200801060001
200801060002
200801060003
200801060004  200801060005  200801060006  200801060013
200801060005  200801060004  200801060006  200801060013
200801060006  200801060004  200801060005  200801060013
200801060007
200801060008
200801060009
200801060010
200801060011
200801060012
200801060013  200801060004  200801060005  200801060006
200801060014  200801060015  200801060016
200801060015  200801060014  200801060016
200801060016  200801060014  200801060015
200801060017
200801060019
200801060020
200801060021
200801060022
200801060023
200801060024
200801070001
200801070004
200801070005
200801070006
200801070007
200801070008
200801070009
200801070010
200801070011
200801070012
200801070013
200801070016
200801070017
200801070018
200801070019
200801070020
200801070022
200801070023
200801070024
200801070025
200801070027
200801070028
200801070029
200801080001
200801080002
200801080003
200801080004
200801080005
200801080006
200801080007
200801080008
200801080009
200801080010
200801080011
200801080012
200801080013
200801080014
200801080015
200801080016
200801080017
200801080018
200801080019
200801080020
200801090002
200801090003
200801090004
200801090005
200801090006
200801100001
200801100002
200801100003
200801100004
200801100005
200801120001
200801120002  200801120003
200801120003  200801120002
200801130001
200801130002
200801130003
200801130004
200801130005
200801130007
200801140001
200801140002
200801140003
200801140004
200801140005
200801140006
200801160001
200801160002
200801160003
200801160004
200801160005
200801160006
200801160007
200801160008
200801160009
200801160010
200801160011
200801160012
200801160013
200801160014
200801160015
200801170001
200801170002
200801170003
200801170004
200801170005
200801180001
200801180002
200801180003
200801180004
200801180005
200801190001
200801190002
200801190003
200801190004
200801190005
200801190006
200801190007
200801190008
200801190009
200801190010
200801190011
200801200001
200801200002
200801200003
200801200004
200801200005
200801200006
200801200007
200801200008
200801200009
200801200010
200801200011
200801200012
200801210001
200801210002
200801210003
200801210004
200801210005
200801210006
200801210007
200801210008
200801220001
200801220002
200801220003
200801220004
200801220005
200801220006
200801220007
200801220008
200801220009
200801220010
200801220011
200801220012
200801230001
200801230002
200801230003
200801230004
200801230005
200801230006
200801230007
200801230008
200801240001
200801240002
200801240003
200801240004
200801240005
200801240006
200801240007
200801240008
200801240009
200801240010
200801250001
200801250002
200801250003
200801250004
200801250005
200801250006
200801250007
200801250008
200801250009
200801260001
200801260002
200801260003
200801260004
200801260005
200801260006
200801260007
200801260008
200801260009
200801260010
200801260011
200801260012
200801270001
200801270002
200801270003
200801270004
200801270005
200801270006
200801270007
200801270008
200801280001
200801280002
200801280003
200801280004
200801280005
200801280006
200801280007
200801280008
200801290001
200801290002
200801290003
200801290004
200801290005
200801290006
200801290007
200801290008
200801290009
200801290010
200801300001
200801300002
200801300003
200801300004
200801300005
200801300006
200801300007
200801300008
200801300009
200801300010
200801300011
200801300012
200801300013
200801310001
200801310002
200801310003
200801310004
200801310005
200801310006
200801310007
200801310008
200801310009
200802010001
200802010002
200802010003
200802010004
200802010005
200802010006
200802020001
200802020002
200802020003
200802030001
200802030002
200802030003
200802030004
200802030005
200802030006
200802030007
200802040001
200802040002
200802040003
200802040004
200802050001
200802050002
200802050003
200802060001
200802060002
200802060003
200802060004
200802080001
200802090002
200802090003
200802090004
200802100001
200802100002
200802110001
200802110002
200802110003
200802110004
200802120001
200802120002
200802120003
200802130001
200802130002
200802140001
200802140002
200802140003
200802150001
200802150002
200802150003
200802150004
200802150005
200802150006
200802150007
200802150008
200802150009
200802150097
200802150098
200802150099
200802160001
200802160002
200802160003
200802160004
200802160006
200802160007
200802160008
200802160011
200802170001
200802170002
200802170003
200802170004
200802170005  200802170006  200802170009
200802170006  200802170005  200802170009
200802170007
200802170008
200802170009  200802170005  200802170006
200802170010
200802170011
200802180002
200802180003
200802180004
200802180006
200802180007  200802180099
200802180008
200802180098
200802180099  200802180007
200802190001
200802190003
200802190004
200802190005
200802190006
200802200001
200802200002
200802200003
200802200004
200802200005
200802200006
200802210002
200802210003
200802210004
200802210005  200802210006
200802210006  200802210005
200802210008  200802210009  200802210010  200802210011  200802210012  200802210013  200802210014  200802210015  200802210016  200802210017  200802210018  200802210019  200802210020
200802210009  200802210008  200802210010  200802210011  200802210012  200802210013  200802210014  200802210015  200802210016  200802210017  200802210018  200802210019  200802210020
200802210010  200802210008  200802210009  200802210011  200802210012  200802210013  200802210014  200802210015  200802210016  200802210017  200802210018  200802210019  200802210020
200802210011  200802210008  200802210009  200802210010  200802210012  200802210013  200802210014  200802210015  200802210016  200802210017  200802210018  200802210019  200802210020
200802210012  200802210008  200802210009  200802210010  200802210011  200802210013  200802210014  200802210015  200802210016  200802210017  200802210018  200802210019  200802210020
200802210013  200802210008  200802210009  200802210010  200802210011  200802210012  200802210014  200802210015  200802210016  200802210017  200802210018  200802210019  200802210020
200802210014  200802210008  200802210009  200802210010  200802210011  200802210012  200802210013  200802210015  200802210016  200802210017  200802210018  200802210019  200802210020
200802210015  200802210008  200802210009  200802210010  200802210011  200802210012  200802210013  200802210014  200802210016  200802210017  200802210018  200802210019  200802210020
200802210016  200802210008  200802210009  200802210010  200802210011  200802210012  200802210013  200802210014  200802210015  200802210017  200802210018  200802210019  200802210020
200802210017  200802210008  200802210009  200802210010  200802210011  200802210012  200802210013  200802210014  200802210015  200802210016  200802210018  200802210019  200802210020
200802210018  200802210008  200802210009  200802210010  200802210011  200802210012  200802210013  200802210014  200802210015  200802210016  200802210017  200802210019  200802210020
200802210019  200802210008  200802210009  200802210010  200802210011  200802210012  200802210013  200802210014  200802210015  200802210016  200802210017  200802210018  200802210020
200802210020  200802210008  200802210009  200802210010  200802210011  200802210012  200802210013  200802210014  200802210015  200802210016  200802210017  200802210018  200802210019
200802220001
200802220002
200802220003
200802220004
200802220005
200802220006
200802220007
200802220008
200802230001
200802230002
200802230003
200802230004
200802230005
200802230006
200802230007
200802230008
200802230009
200802240001
200802240002
200802240003
200802240004
200802240005
200802240006
200802240007
200802240009
200802250001
200802250002
200802250003
200802250004
200802250006
200802250009
200802250010
200802250011
200802260002
200802260003
200802260006
200802260007
200802260008
200802260012
200802260013
200802270006
200802280002
200802280003
200803010001
200803010002
200803010003
200803010004  200803010008
200803010005
200803010006
200803010007
200803010008  200803010004
200803010009
200803020001
200803020002
200803020003
200803020004
200803020005
200803020006
200803020007
200803020008  200803020009
200803020009  200803020008
200803020010
200803020011
200803020012
200803030001
200803030002
200803030004
200803030005
200803030006
200803030007
200803030008
200803030009
200803030010
200803040001
200803040002
200803040003
200803040004
200803040005
200803050001
200803050002
200803050003
200803050004
200803050005
200803050006
200803050007
200803050008
200803060001
200803060002
200803060003
200803060004
200803060005
200803060006
200803070001
200803070003
200803080001
200803080002
200803080003
200803080004
200803080005
200803080006
200803080007
200803080008
200803080009
200803080010
200803080011
200803080012
200803080013
200803080014
200803080015
200803090001
200803090002
200803090003
200803090004
200803090005
200803090006
200803090007
200803090008
200803100001
200803100002
200803100003
200803100004
200803100005
200803100006
200803110001
200803110002
200803110003
200803110004
200803110005
200803110006
200803110007
200803110008
200803110009
200803110010
200803110011
200803110012
200803120001
200803120002
200803120003
200803120004
200803130001
200803130002
200803130003
200803130004
200803130005
200803130006
200803130007
200803130008
200803130009
200803130010
200803130011
200803140001
200803140002
200803140003
200803140004
200803150001
200803150002
200803150003
200803150004
200803160001
200803160002
200803160003
200803160004
200803160005
200803160006
200803160007
200803160008
200803160009
200803160010
200803160011
200803160012
200803160013
200803160014
200803160015
200803160016
200803160017
200803160018
200803160019
200803160020
200803160021
200803160022
200803160023
200803160024
200803160025
200803160026
200803170001
200803170002
200803170003
200803170004
200803170005
200803170006
200803170007
200803170008
200803170010
200803170011
200803170012  200803170014  200803170015  200803170016  200803170021
200803170013
200803170014  200803170012  200803170015  200803170016  200803170021
200803170015  200803170012  200803170014  200803170016  200803170021
200803170016  200803170012  200803170014  200803170015  200803170021
200803170017
200803170018
200803170019
200803170020
200803170021  200803170012  200803170014  200803170015  200803170016
200803170022
200803170023
200803170024
200803180001
200803180002
200803180003
200803180004
200803180005
200803180006
200803180007
200803180008
200803180009
200803180010
200803180011
200803180012
200803180013
200803180014
200803180015
200803180016
200803180017
200803190001
200803190002
200803190003
200803190004
200803190005
200803190006
200803190007
200803190008
200803190009
200803190010
200803190011
200803190012
200803190013
200803190014
200803190015
200803190016
200803190017
200803190018
200803190019
200803190020
200803200001
200803200002
200803200003
200803200004
200803200005
200803200006
200803200007
200803200008
200803200009
200803200010
200803210001
200803210002
200803210003
200803210004
200803210005
200803210006
200803210007
200803210008
200803220001
200803220002
200803220003
200803220004
200803220005
200803220006
200803220007
200803220008
200803220010
200803230001
200803230002
200803230003
200803230004
200803230005
200803230006
200803230007
200803230008
200803230009
200803230010
200803240001
200803240002
200803240003
200803240004
200803240005
200803240006
200803240007
200803250001
200803250002
200803260001
200803260002
200803260003
200803260004
200803260005
200803260006
200803260007
200803260008
200803260009
200803260010
200803260011
200803260012
200803260013
200803260014
200803270001
200803270002
200803270003
200803270004
200803270005
200803270006
200803270007
200803270008
200803270009
200803270010
200803270011
200803270012
200803270013
200803270014
200803270015
200803270016
200803280001
200803280002
200803280003
200803280004
200803280005
200803280006
200803280007
200803280008
200803280009
200803280010
200803280011
200803280012
200803290001
200803290002
200803290003
200803290004
200803290005
200803290006
200803290007
200803290008
200803290009
200803290010
200803290011
200803290012
200803290013
200803290014
200803290015
200803290016
200803290017
200803290018
200803290019
200803300001
200803300002
200803300003
200803300004
200803300005
200803300006
200803300007
200803310001
200803310002
200803310003
200803310004
200803310005
200803310006
200804010001
200804010002
200804010003  200804020006
200804010004
200804010005
200804010006
200804010010
200804010012
200804010017
200804010022
200804010032
200804010034
200804010038
200804010039
200804010040
200804010042
200804020001
200804020003
200804020004
200804020005
200804020006  200804010003
200804020009
200804020010
200804020012
200804020013
200804020014
200804020015
200804020016
200804020022
200804020024
200804020026
200804020029
200804020030
200804020031
200804020053
200804020054
200804020056
200804030001
200804030003
200804030005
200804030006
200804030010
200804030012
200804030014
200804030015
200804030016
200804030018
200804030019
200804030028
200804030030
200804040001
200804040002
200804040003
200804040004
200804040005
200804040006
200804040007
200804040008
200804040009
200804040010
200804040011
200804040014
200804040018
200804040019
200804040020
200804040021
200804040023
200804050001
200804050003
200804050004
200804050005
200804050006  200804050038
200804050009
200804050010
200804050011
200804050012
200804050013
200804050016
200804050017
200804050019
200804050020
200804050021
200804050024
200804050025
200804050032
200804050036
200804050037
200804050038  200804050006
200804050040
200804050041
200804060001
200804060002
200804060005
200804060006
200804060007
200804060010
200804060011
200804060013
200804060014
200804060017
200804060019
200804060020
200804060021
200804060022
200804060026
200804060029
200804070001
200804070002
200804070003
200804070004
200804070005  200804070006
200804070006  200804070005
200804070008
200804070014
200804070015
200804070017
200804070018
200804070019
200804070020
200804070023
200804070024
200804070029
200804070030
200804080001
200804080002
200804080003
200804080004
200804080005
200804080006
200804080007
200804080008
200804080011
200804080014
200804080015
200804080016
200804080017
200804080018
200804080019
200804080020
200804080022
200804080023
200804080024
200804080028
200804080030
200804080031
200804080033
200804090001
200804090003
200804090004
200804090006
200804090007
200804090008
200804090010
200804090011
200804090012
200804090013
200804090014
200804090015
200804090016
200804090017
200804090018
200804090019
200804090020
200804090021
200804090022
200804090024
200804090025
200804090028
200804090029
200804090030
200804090032
200804090035
200804090038
200804090045
200804100002
200804100003
200804100004
200804100006
200804100007
200804100008
200804100010
200804100011
200804100012
200804100019
200804100020
200804100022
200804100027
200804110003
200804110004
200804110009
200804110011
200804110012
200804110013
200804110014
200804110015
200804110018
200804120001
200804120002
200804120006
200804120007
200804120008
200804120010
200804120012
200804120015
200804130001
200804130002  200804130008
200804130004
200804130005
200804130006
200804130007
200804130008  200804130002
200804130009
200804130010
200804130011
200804130012
200804130013
200804130014
200804130015
200804130016
200804130017
200804130018  200804130019
200804130019  200804130018
200804130020
200804130025
200804130028
200804130029
200804130033
200804130040
200804130042
200804130044
200804140003
200804140004
200804140005
200804140006
200804140008
200804140009
200804140010
200804140011
200804140012
200804140013
200804140015
200804140017
200804140021
200804140022
200804140025
200804140026
200804140028
200804150001
200804150002
200804150004
200804150005  200804150032
200804150007
200804150008
200804150009
200804150010
200804150011
200804150012
200804150015
200804150018
200804150019
200804150021
200804150022
200804150023
200804150024
200804150030
200804150031
200804150005  200804150032
200804160001
200804160003
200804160005
200804160007
200804160008
200804160009
200804160010
200804160011
200804160014
200804160020
200804160022
200804160026
200804160028
200804160033
200804160034
200804170002  200804180001
200804170004
200804170006
200804170007
200804170008
200804170010
200804170011
200804170012
200804170015
200804170016
200804170018
200804170019
200804170023
200804170029
200804170039
200804170040
200804180001  200804170002
200804180002
200804180003
200804180004
200804180005
200804180006
200804180007
200804180008
200804180009
200804180010
200804180013
200804180014
200804180015
200804180016
200804180019
200804180026
200804190001
200804190002
200804190003
200804190005
200804190006
200804190007
200804190008
200804190009
200804190010
200804190012
200804190014
200804190017
200804190018
200804190019
200804190021
200804190026
200804200001
200804200002  200804200017
200804200003
200804200004
200804200005
200804200006
200804200007
200804200009
200804200011
200804200012
200804200013
200804200015
200804200016
200804200017  200804200002
200804200018
200804200019
200804200020
200804200025
200804200032
200804200033
200804200034
200804200035
200804200037
200804200038
200804200039
200804210001
200804210002
200804210003
200804210004
200804210007
200804210010  200804210011  200804210012
200804210011  200804210010  200804210012
200804210012  200804210010  200804210011
200804210013
200804210014
200804210015
200804210016
200804210018
200804210019
200804210021
200804210026
200804210027
200804210030
200804210031
200804210032
200804210033
200804220001
200804220002
200804220004
200804220005
200804220007
200804220008
200804220009
200804220010
200804220011
200804220014
200804220015
200804220016
200804220027
200804230001
200804230002
200804230003
200804230004
200804230005
200804230006
200804230007
200804230012
200804230013
200804230014
200804230015
200804230021
200804230026
200804240002
200804240003
200804240004
200804240006
200804240007
200804240008
200804240009
200804240010
200804240012
200804240014
200804240016
200804240017
200804240022
200804240023
200804240026
200804250002
200804250003
200804250008
200804250009
200804250010
200804250012
200804250014
200804250016
200804250020
200804250024
200804260002
200804260003
200804260005
200804260006
200804260011
200804260014
200804260015
200804260020
200804260023
200804270001
200804270002
200804270003
200804270004
200804270005
200804270006
200804270007
200804270008
200804270009
200804270010
200804270012
200804270013
200804270015
200804270016
200804270017
200804270027
200804270032
200804270034
200804270038
200804270040
200804270042
200804270045
200804280001
200804280007
200804280009
200804280011
200804280013
200804280016
200804280023
200804280024
200804280041
200804280044
200804280045
200804280047
200804280051
200804280053
200804280054
200804290001
200804290003
200804290007
200804290011
200804290014
200804290015
200804290016
200804290019
200804290021
200804290022
200804290024
200804290025
200804290028
200804290029
200804290030
200804290032
200804290033
200804290037
200804290039
200804290043
200804290049
200804300001
200804300003
200804300006
200804300007
200804300008
200804300014
200804300019
200804300022
200804300028
200804300033
200804300036
200804300037
200805010002
200805010003
200805010005
200805010006
200805010007
200805010008
200805010009
200805010010
200805010012
200805010013
200805010016
200805010017
200805010019
200805010027
200805010034
200805010036
200805010037
200805020001
200805020002
200805020003
200805020004
200805020007
200805020008
200805020010
200805020012
200805020013
200805020022
200805020024
200805030002
200805030004
200805030006
200805030007
200805030010
200805030012
200805030014
200805030025
200805030028
200805030031
200805040001
200805040002
200805040003
200805040004
200805040005
200805040006
200805040007
200805040009
200805040010
200805040011
200805040012
200805040013
200805040014
200805040015
200805040017
200805040027
200805040029
200805040033
200805040039
200805040046
200805050001
200805050005
200805050009
200805050010
200805050011
200805050012
200805050014
200805050015
200805050017
200805050018
200805050019
200805050021
200805050022
200805050029
200805050036
200805050039
200805050049
200805060001
200805060002
200805060003
200805060007
200805060008
200805060011
200805060012
200805060013
200805060014
200805060015
200805060016
200805060022
200805060023
200805070001
200805070002
200805070005
200805070006
200805070008
200805070009
200805070010
200805070014
200805070023
200805070024
200805070027
200805070028
200805080001
200805080003
200805080004
200805080007
200805080010
200805080011
200805080012
200805080013
200805080014
200805080015
200805080019
200805080020
200805080021
200805080025
200805080027
200805080035
200805090001
200805090002
200805090003
200805090004
200805090005
200805090007
200805090008
200805090009
200805090010
200805090012
200805090014
200805090015
200805090016
200805090017
200805090018
200805090019
200805090020
200805090021
200805090025
200805090026
200805090029
200805090035
200805090037
200805090038
200805090039
200805090043
200805090044
200805090048
200805100002
200805100003
200805100004
200805100006
200805100007
200805100008
200805100012
200805100013
200805100014
200805100017
200805100018
200805100020
200805100026
200805100033
200805100034
200805110001
200805110002
200805110003
200805110005
200805110006
200805110007
200805110008
200805110010
200805110015
200805110017
200805110018
200805110021
200805110022
200805110023
200805110024
200805110028
200805110029  200805110030
200805110030  200805110029
200805110031
200805110041
200805110042
200805120001
200805120002
200805120003
200805120004
200805120005
200805120008
200805120009
200805120010
200805120011
200805120012
200805120017
200805120021
200805120022
200805120024
200805120039
200805120042
200805120043
200805130002
200805130003
200805130004
200805130005
200805130007
200805130008
200805130009
200805130012
200805130013
200805130014
200805130016
200805130017
200805130026
200805130029
200805130030
200805130031
200805140001
200805140002  200805140004  200805140005
200805140004  200805140002  200805140005
200805140005  200805140002  200805140004
200805140006
200805140007
200805140008
200805140011
200805140012
200805140013
200805140015
200805140019
200805140021
200805140024  200805140025
200805140025  200805140024
200805140027
200805140028
200805140029
200805140030
200805150002
200805150003
200805150004
200805150005
200805150007
200805150008
200805150011
200805150012
200805150013
200805150018
200805150028
200805150031
200805150032
200805150035
200805150040
200805160001
200805160002
200805160003
200805160004
200805160006
200805160007
200805160009
200805160010
200805160011
200805160012
200805160015
200805160016
200805160017
200805160018
200805160022
200805160023
200805160024
200805160031
200805160032
200805160035
200805170001
200805170002
200805170003
200805170004
200805170005
200805170008
200805170010
200805170022
200805170023
200805170025
200805170026
200805170027
200805170030
200805180002
200805180003
200805180004
200805180005
200805180006
200805180007
200805180008
200805180009
200805180011
200805180012
200805180022
200805180023
200805180025
200805190003
200805190004
200805190005
200805190011
200805190013
200805190014
200805190015
200805190017
200805190019
200805190020
200805190025
200805190029
200805190030
200805190036
200805190037
200805190038
200805190040
200805190041
200805200001
200805200002
200805200003
200805200004
200805200005
200805200006
200805200007
200805200008
200805200009
200805200014
200805200015
200805200016
200805200017
200805200018
200805200019
200805200025
200805200033
200805210001
200805210002
200805210003
200805210004
200805210005
200805210006
200805210007
200805210009
200805210010
200805210011
200805210014
200805210018
200805210020
200805210022
200805210024
200805210026
200805210027
200805210034
200805220002
200805220003
200805220004
200805220005
200805220006
200805220008
200805220010
200805220011
200805220012
200805220013
200805220015
200805220016
200805220019
200805220020
200805220025
200805220027
200805220028
200805220029
200805220030
200805220035
200805230002
200805230003
200805230006
200805230007
200805230008
200805230010
200805230018
200805230019
200805240001
200805240006
200805240007
200805240009
200805240011
200805240012
200805240013
200805240022
200805240027
200805240028
200805240029
200805250001
200805250002
200805250004
200805250005
200805250006
200805250010
200805250011
200805250012
200805250014
200805250015
200805250022
200805260001
200805260002
200805260003
200805260005
200805260006
200805260007
200805260008
200805260010
200805260012
200805260013
200805260014
200805260015
200805260016
200805260017
200805260020
200805260023
200805260024
200805260028
200805260029
200805260030
200805260036
200805260039
200805260045
200805270001
200805270002
200805270003
200805270004
200805270005
200805270009
200805270010
200805270011
200805270012
200805270013
200805270014
200805270015
200805270016
200805270017
200805270018
200805270019
200805270021
200805270024
200805270030
200805270031
200805270035
200805280001
200805280002
200805280004
200805280006
200805280008
200805280009
200805280010
200805280011
200805280012
200805280016
200805280020
200805280021
200805290001
200805290002  200805290003
200805290003  200805290002
200805290005
200805290011
200805290012
200805290013
200805290014
200805290015
200805290016
200805290017
200805290018
200805290019
200805290020
200805290021
200805290022
200805290029
200805300009
200805300011
200805300012
200805300013
200805300014
200805300015
200805300016
200805300017
200805300018
200805300019
200805300026
200805300036
200805300039
200805300041
200805300042
200805310001
200805310003
200805310004
200805310005
200805310006
200805310007
200805310008
200805310009
200805310012
200805310013
200805310014
200805310016
200805310018
200805310021
200805310023
200806010001
200806010003
200806010004
200806010006
200806010007  200806010020
200806010009
200806010015
200806010018  200806010019
200806010019  200806010018
200806010020  200806010007
200806010026  200806010027  200806010028  200806010029
200806010027  200806010026  200806010028  200806010029
200806010028  200806010026  200806010027  200806010029
200806010029  200806010026  200806010027  200806010028
200806010030
200806010031
200806010037
200806010039
200806020001
200806020002
200806020003
200806020005
200806020006
200806020007
200806020008
200806020009
200806020011
200806020013
200806020018
200806020029
200806020030
200806020032
200806020033
200806030001
200806030002
200806030004
200806030005
200806030006
200806030008
200806030010
200806030011
200806030012
200806030013
200806030015
200806030016
200806030017
200806030021
200806030022
200806030029
200806040001
200806040002
200806040003
200806040005
200806040007
200806040008
200806040009
200806040010
200806040011
200806040012
200806040013
200806040014
200806040015
200806040016
200806040017
200806040022
200806040024
200806040026
200806040027
200806040028
200806040033
200806040034
200806050001
200806050002
200806050003  200806050021
200806050007
200806050009
200806050011
200806050012
200806050014
200806050016  200806050020
200806050018
200806050019
200806050020  200806050016
200806050021  200806050003
200806050022
200806050024
200806050025
200806050026
200806050027
200806050031
200806050033
200806060007
200806060008
200806060009
200806060010
200806060011
200806060012
200806060013
200806060014
200806060015
200806060017
200806060018
200806060019
200806060020
200806060022
200806060023
200806060024
200806070002
200806070005
200806070006
200806070011
200806070012
200806070014
200806070015
200806070016
200806070019
200806070022
200806070023
200806070024
200806070025
200806070026
200806070028
200806070029
200806080001
200806080002
200806080003
200806080005
200806080006  200806080018
200806080007
200806080008  200806080009
200806080009  200806080008
200806080010
200806080011
200806080012
200806080013
200806080016
200806080017
200806080018  200806080006
200806080019
200806080021
200806080023
200806080024
200806080026
200806080029
200806080031
200806090001
200806090004
200806090006
200806090007
200806090008
200806090009
200806090010
200806090011
200806090012
200806090013
200806090014
200806090015
200806090016
200806090017
200806090018
200806090019
200806090020
200806090023
200806090024
200806090025
200806090027
200806090028
200806090029
200806090033
200806090035
200806090037
200806100003
200806100004
200806100005
200806100006
200806100007
200806100008
200806100012
200806100013
200806100026
200806100032
200806100033
200806100035
200806110001
200806110005
200806110006
200806110008  200806110019
200806110011
200806110012
200806110013
200806110015
200806110018
200806110019  200806110008
200806110020
200806110021
200806110023
200806110024
200806110027
200806110028
200806110031
200806110033
200806110034
200806120001
200806120002
200806120004
200806120005
200806120007
200806120008  200806120011
200806120010
200806120011  200806120008
200806120013
200806120014
200806120015
200806120018
200806120019
200806120020
200806120021
200806120022
200806120023
200806120024
200806120025
200806120036
200806120040
200806120041
200806120042
200806120043
200806130001
200806130002
200806130007
200806130008
200806130009
200806130017
200806130018
200806130020
200806140001
200806140003
200806140004
200806140005
200806140006
200806140007
200806140008
200806140009
200806140010
200806140011
200806140012
200806140013
200806140014  200806160008  200806160009
200806140017  200806140018
200806140017  200806140018
200806140019
200806140020
200806140021
200806140032
200806140034
200806140037
200806140038
200806150001
200806150002
200806150003
200806150005
200806150006
200806150008
200806150009
200806150010
200806150011
200806150013
200806150016
200806150017
200806150019
200806150021
200806150022
200806150025
200806150026
200806160001
200806160002
200806160004
200806160005
200806160006
200806160007
200806160008  200806140014  200806160009
200806160009  200806140014  200806160008
200806160011
200806160012
200806160013
200806160014
200806160016
200806160017
200806160020
200806160026
200806170001  200806170008
200806170003
200806170004
200806170006
200806170008  200806170001
200806170009
200806170010
200806170019
200806170021
200806170024
200806180001
200806180002
200806180006
200806180007
200806180008
200806180009
200806180010  200806180011
200806180011  200806180010
200806180026
200806180030
200806180031
200806180032
200806180033
200806180034
200806190001
200806190003
200806190004
200806190005
200806190006
200806190007
200806190008  200806190009  200806190014
200806190009  200806190008  200806190014
200806190010
200806190011
200806190012
200806190013
200806190014  200806190008  200806190009
200806190016
200806190019
200806200001
200806200002
200806200003
200806200004
200806200005
200806200006
200806200007
200806200009
200806200010
200806200011
200806200012
200806200013
200806200018
200806200019
200806210001
200806210002
200806210003
200806210004
200806210005
200806210007
200806210008
200806210009
200806210011
200806210012  200806210013
200806210013  200806210012
200806210019
200806210021
200806210022
200806220001
200806220002
200806220003
200806220004
200806220005
200806220006
200806220009  200806220016  200806220017  200806220018
200806220012
200806220013
200806220015
200806220016  200806220009  200806220017  200806220018
200806220017  200806220009  200806220016  200806220018
200806220018  200806220009  200806220016  200806220017
200806220022
200806220027
200806230002
200806230003  200806230017
200806230004  200806230005
200806230005  200806230004
200806230007
200806230009
200806230010
200806230011
200806230012
200806230014
200806230015
200806230017  200806230003
200806230019
200806230023
200806230024
200806230025
200806240001
200806240002
200806240003
200806240004
200806240005
200806240006
200806240007
200806240008
200806240009
200806240010
200806240014  200806240016  200806240017
200806240016  200806240014  200806240017
200806240017  200806240014  200806240016
200806240019
200806240022
200806240023
200806240024
200806240028
200806240029
200806240030
200806240031
200806250001
200806250002
200806250003
200806250004
200806250008  200806250011  200806250012  200806250013  200806250014  200806250015  200806250016  200806250017
200806250008  200806250011  200806250012  200806250013  200806250014   200806250015  200806250016  200806250017
200806250012  200806250008  200806250011  200806250013  200806250014   200806250015  200806250016  200806250017
200806250013  200806250008  200806250011  200806250012  200806250014   200806250015  200806250016  200806250017
200806250014  200806250008  200806250011  200806250012  200806250013  200806250015  200806250016  200806250017
200806250015  200806250008  200806250011  200806250012  200806250013  200806250014  200806250016  200806250017
200806250016  200806250008  200806250011  200806250012  200806250013  200806250014   200806250015  200806250017
200806250017  200806250008  200806250011  200806250012  200806250013  200806250014   200806250015  200806250016
200806250023
200806260001
200806260002
200806260003
200806260004
200806260005  200806260009
200806260006
200806260008
200806260009  200806260005
200806260010
200806260012
200806260013
200806260016
200806260017
200806260018
200806260021
200806260022
200806260023
200806260024
200806260026
200806260027
200806260028
200806270001
200806270003
200806270004
200806270005
200806270006
200806270008
200806270009
200806270010
200806270012
200806270013
200806270015  200806270017
200806270017  200806270015
200806270018
200806270019
200806270020
200806280001
200806280002
200806280003
200806280004
200806280006
200806280008
200806280010
200806280011
200806280014
200806280015
200806280017
200806280019
200806290001
200806290002
200806290004
200806290005
200806290006
200806290007
200806290009  200806290014
200806290012
200806290013
200806290014  200806290009
200806290015
200806290016
200806290017
200806290019
200806290020
200806290022
200806290023
200806290025
200806290026
200806290027
200806290028
200806290030
200806290032
200806300001
200806300002  200806300003  200806300004  200806300005  200806300006
200806300003  200806300002  200806300004  200806300005  200806300006
200806300004  200806300002  200806300003  200806300005  200806300006
200806300005  200806300002  200806300003  200806300004  200806300006
200806300006  200806300002  200806300003  200806300004  200806300005
200806300011
200806300012
200806300016
200806300019
200806300020
200806300021
200806300022
200806300026
200806300033
200806300034
200806300035
200806300039
200807010002
200807010003
200807010004
200807010005
200807010006
200807010008
200807010009
200807010010
200807010011
200807010012
200807010013
200807010014
200807010015
200807010016
200807010017
200807010020
200807010023
200807010024
200807010025
200807010026
200807010027
200807010028
200807010029
200807010031
200807010032
200807010033
200807010034
200807010037
200807010038
200807010039
200807010040
200807010041
200807010043
200807020001
200807020004
200807020005
200807020006
200807020007
200807020008
200807020009
200807020010
200807020011
200807020012
200807020013
200807020014
200807020015
200807020016
200807020018
200807020021
200807020026
200807020027
200807020028
200807020029
200807030004
200807030008
200807030009
200807030010
200807030017
200807030018
200807030020
200807030022
200807030023  200807030034  200807030035  200807030036
200807030024
200807030028
200807030034  200807030023  200807030035  200807030036
200807030035  200807030023  200807030034  200807030036
200807030036  200807030023  200807030034  200807030035
200807040002
200807040003
200807040004
200807040005
200807040006
200807040008
200807040009
200807040010
200807040011
200807040012
200807040013
200807040014
200807040015
200807040016
200807040017
200807040021
200807040023
200807040024
200807040026
200807040027
200807040028
200807040029
200807040032
200807050001
200807050002
200807050004
200807050005
200807050006
200807050008
200807050009
200807050010
200807050011
200807050014
200807050016
200807060002
200807060003
200807060005
200807060006
200807060010
200807060011
200807060014
200807060019
200807070002
200807070003
200807070005
200807070006
200807070007
200807070008
200807070009
200807070010
200807070011
200807070012
200807070013
200807070014
200807070017  200807070018  200807070019  200807070020  200807070021  200807070022
200807070018  200807070017  200807070019  200807070020  200807070021  200807070022
200807070019  200807070017  200807070018  200807070020  200807070021  200807070022
200807070020  200807070017  200807070018  200807070019  200807070021  200807070022
200807070021  200807070017  200807070018  200807070019  200807070020  200807070022
200807070022  200807070017  200807070018  200807070019  200807070020  200807070021
200807070023
200807070024
200807070025
200807070026
200807070027
200807070028
200807070029
200807070030
200807070034
200807070035
200807070039
200807070041
200807070042
200807080001
200807080002
200807080003
200807080006
200807080007
200807080008
200807080009
200807080011
200807080012
200807080020
200807080021
200807080024
200807080032
200807080033
200807090001
200807090002
200807090003
200807090006  200807090011
200807090007
200807090008
200807090009
200807090010
200807090011  200807090006
200807090013
200807090015
200807090016
200807090018
200807090019
200807090020
200807090022
200807090023
200807090024
200807090025
200807090028
200807090029
200807100001
200807100002
200807100003
200807100004
200807100007
200807100008
200807100009
200807100010
200807100011
200807100013
200807100017
200807100018
200807100019
200807100020
200807100023  200807100024
200807100024  200807100023
200807100028
200807110001
200807110003
200807110004
200807110005
200807110006
200807110007
200807110008
200807110010
200807110011
200807110012
200807110013
200807110014
200807110015
200807110017
200807110019
200807110022
200807110024
200807110025
200807110026
200807120001
200807120004
200807120005
200807120006
200807120007
200807120008
200807120009
200807120011
200807120020
200807120024
200807120025
200807120026
200807120028
200807130001
200807130002
200807130003
200807130004
200807130007
200807130008
200807130009
200807130011
200807130013
200807130015
200807130016
200807140001
200807140002
200807140003
200807140005
200807140006  200807140008
200807140007
200807140008  200807140006
200807140009
200807140010
200807140011
200807140014
200807140017
200807150001
200807150003
200807150004
200807150006
200807150007
200807150008
200807150009
200807150010
200807150011
200807150012
200807150013
200807150014
200807150021
200807150028
200807150029
200807150030
200807150031
200807150032
200807150033
200807160001
200807160002
200807160003
200807160004
200807160005
200807160006
200807160007
200807160009
200807160011
200807160012
200807160016
200807160017
200807160018
200807160019
200807160024
200807160027
200807170001
200807170002
200807170004
200807170005
200807170006
200807170007
200807170008
200807170009
200807170010
200807170012
200807170013
200807170016
200807170019
200807170021
200807170025
200807170026
200807170027
200807180002
200807180003
200807180007
200807180011
200807180013
200807180014
200807180016
200807180019
200807180020
200807190003
200807190006
200807190009
200807200002
200807200003
200807200004
200807200006
200807200007
200807200008
200807200009
200807200011
200807200012
200807200013
200807200014
200807200015
200807200016
200807200017
200807200018
200807200019
200807200020
200807200021
200807200022
200807200025
200807200028
200807210001
200807210002
200807210003  200807210004
200807210004  200807210003
200807210005
200807210006
200807210008
200807210009
200807210010
200807210012
200807210014
200807210015
200807210016
200807210017
200807210019
200807210021
200807210026
200807210029
200807210030
200807210031
200807210032
200807220001
200807220002
200807220004
200807220007
200807220008
200807220016
200807220017
200807220018
200807220019
200807220023
200807230001
200807230004
200807230006
200807230008
200807230012
200807230014
200807240003
200807240004
200807240005
200807240006
200807240008
200807240010
200807240012
200807240013
200807240014
200807240015
200807240016
200807240029
200807240030
200807240035
200807250002
200807250003  200807250005  200807250006  200807250008  200807250009  200807250010  200807250011  200807250012
200807250005  200807250003  200807250006  200807250008  200807250009  200807250010  200807250011  200807250012
200807250006  200807250003  200807250005  200807250008  200807250009  200807250010  200807250011  200807250012
200807250008  200807250003  200807250005  200807250006  200807250009  200807250010  200807250011  200807250012
200807250009  200807250003  200807250005  200807250006  200807250008  200807250010  200807250011  200807250012
200807250010  200807250003  200807250005  200807250006  200807250008  200807250009  200807250011  200807250012
200807250011  200807250003  200807250005  200807250006  200807250008  200807250009  200807250010  200807250012
200807250012  200807250003  200807250005  200807250006  200807250008  200807250009  200807250010  200807250011
200807250013
200807250014
200807250015
200807250016
200807250017
200807250018
200807250020
200807250021  200807250022  200807250023
200807250022  200807250021  200807250023
200807250023  200807250021  200807250022
200807250024
200807250026
200807250028
200807250030
200807250032
200807260001  200807260003  200807260004  200807260005  200807260006  200807260007  200807260008  200807260009  200807260010  200807260011  200807260012  200807260013  200807260014  200807260015  200807260016  200807260017
200807260001  200807260003  200807260004  200807260005  200807260006  200807260007  200807260008  200807260009  200807260010  200807260011  200807260012  200807260013  200807260014  200807260015  200807260016  200807260017
200807260001  200807260003  200807260004  200807260005  200807260006  200807260007  200807260008  200807260009  200807260010  200807260011  200807260012  200807260013  200807260014  200807260015  200807260016  200807260017
200807260001  200807260003  200807260004  200807260005  200807260006  200807260007  200807260008  200807260009  200807260010  200807260011  200807260012  200807260013  200807260014  200807260015  200807260016  200807260017
200807260001  200807260003  200807260004  200807260005  200807260006  200807260007  200807260008  200807260009  200807260010  200807260011  200807260012  200807260013  200807260014  200807260015  200807260016  200807260017
200807260001  200807260003  200807260004  200807260005  200807260006  200807260007  200807260008  200807260009  200807260010  200807260011  200807260012  200807260013  200807260014  200807260015  200807260016  200807260017
200807260001  200807260003  200807260004  200807260005  200807260006  200807260007  200807260008  200807260009  200807260010  200807260011  200807260012  200807260013  200807260014  200807260015  200807260016  200807260017
200807260001  200807260003  200807260004  200807260005  200807260006  200807260007  200807260008  200807260009  200807260010  200807260011  200807260012  200807260013  200807260014  200807260015  200807260016  200807260017
200807260001  200807260003  200807260004  200807260005  200807260006  200807260007  200807260008  200807260009  200807260010  200807260011  200807260012  200807260013  200807260014  200807260015  200807260016  200807260017
200807260001  200807260003  200807260004  200807260005  200807260006  200807260007  200807260008  200807260009  200807260010  200807260011  200807260012  200807260013  200807260014  200807260015  200807260016  200807260017
200807260001  200807260003  200807260004  200807260005  200807260006  200807260007  200807260008  200807260009  200807260010  200807260011  200807260012  200807260013  200807260014  200807260015  200807260016  200807260017
200807260001  200807260003  200807260004  200807260005  200807260006  200807260007  200807260008  200807260009  200807260010  200807260011  200807260012  200807260013  200807260014  200807260015  200807260016  200807260017
200807260001  200807260003  200807260004  200807260005  200807260006  200807260007  200807260008  200807260009  200807260010  200807260011  200807260012  200807260013  200807260014  200807260015  200807260016  200807260017
200807260001  200807260003  200807260004  200807260005  200807260006  200807260007  200807260008  200807260009  200807260010  200807260011  200807260012  200807260013  200807260014  200807260015  200807260016  200807260017
200807260001  200807260003  200807260004  200807260005  200807260006  200807260007  200807260008  200807260009  200807260010  200807260011  200807260012  200807260013  200807260014  200807260015  200807260016  200807260017
200807260001  200807260003  200807260004  200807260005  200807260006  200807260007  200807260008  200807260009  200807260010  200807260011  200807260012  200807260013  200807260014  200807260015  200807260016  200807260017
200807260001  200807260003  200807260004  200807260005  200807260006  200807260007  200807260008  200807260009  200807260010  200807260011  200807260012  200807260013  200807260014  200807260015  200807260016  200807260017
200807260019
200807260020
200807260021
200807260023
200807260024
200807260025
200807260026
200807260028
200807260029
200807260035
200807260036
200807270001
200807270002
200807270003
200807270004
200807270005
200807270006  200807270008
200807270007
200807270008  200807270006
200807270009  200807270011
200807270010
200807270011  200807270009
200807270012
200807270013
200807270014
200807270015
200807270016
200807270018
200807270019
200807270020
200807270021
200807270024
200807270030  200807270045  200807270046  200807270047
200807270034  200807270048
200807270036
200807270037
200807270038
200807270040
200807270044
200807270045  200807270030  200807270046  200807270047
200807270046  200807270030  200807270045  200807270047
200807270047  200807270030  200807270045  200807270046
200807270048  200807270034
200807280001
200807280002
200807280003
200807280004
200807280005
200807280007
200807280009  200807280012
200807280010  200807280011
200807280011  200807280010
200807280012  200807280009
200807280015
200807280016
200807280017
200807280018
200807280021
200807280025
200807280026
200807280027
200807280028
200807280030
200807280031
200807280032
200807280033
200807290007  200807290008  200807290009  200807290010  200807290011  200807290012  200807290013  200807290014  200807290015  200807290016  200807290017  200807290018  200807290019  200807290020  200807290021  200807290025  200807290029  200807290031
200807290008  200807290007  200807290009  200807290010  200807290011  200807290012  200807290013  200807290014  200807290015  200807290016  200807290017  200807290018  200807290019  200807290020  200807290021  200807290025  200807290029  200807290031
200807290009  200807290007  200807290008  200807290010  200807290011  200807290012  200807290013  200807290014  200807290015  200807290016  200807290017  200807290018  200807290019  200807290020  200807290021  200807290025  200807290029  200807290031
200807290010  200807290007  200807290008  200807290009  200807290011  200807290012  200807290013  200807290014  200807290015  200807290016  200807290017  200807290018  200807290019  200807290020  200807290021  200807290025  200807290029  200807290031
200807290011  200807290007  200807290008  200807290009  200807290010  200807290012  200807290013  200807290014  200807290015  200807290016  200807290017  200807290018  200807290019  200807290020  200807290021  200807290025  200807290029  200807290031
200807290012  200807290007  200807290008  200807290009  200807290010  200807290011  200807290013  200807290014  200807290015  200807290016  200807290017  200807290018  200807290019  200807290020  200807290021  200807290025  200807290029  200807290031
200807290013  200807290007  200807290008  200807290009  200807290010  200807290011  200807290012  200807290014  200807290015  200807290016  200807290017  200807290018  200807290019  200807290020  200807290021  200807290025  200807290029  200807290031
200807290014  200807290007  200807290008  200807290009  200807290010  200807290011  200807290012  200807290013  200807290015  200807290016  200807290017  200807290018  200807290019  200807290020  200807290021  200807290025  200807290029  200807290031
200807290015  200807290007  200807290008  200807290009  200807290010  200807290011  200807290012  200807290013  200807290014  200807290016  200807290017  200807290018  200807290019  200807290020  200807290021  200807290025  200807290029  200807290031
200807290016  200807290007  200807290008  200807290009  200807290010  200807290011  200807290012  200807290013  200807290014  200807290015  200807290017  200807290018  200807290019  200807290020  200807290021  200807290025  200807290029  200807290031
200807290017  200807290007  200807290008  200807290009  200807290010  200807290011  200807290012  200807290013  200807290014  200807290015  200807290016  200807290018  200807290019  200807290020  200807290021  200807290025  200807290029  200807290031
200807290018  200807290007  200807290008  200807290009  200807290010  200807290011  200807290012  200807290013  200807290014  200807290015  200807290016  200807290017  200807290019  200807290020  200807290021  200807290025  200807290029  200807290031
200807290019  200807290007  200807290008  200807290009  200807290010  200807290011  200807290012  200807290013  200807290014  200807290015  200807290016  200807290017  200807290018  200807290020  200807290021  200807290025  200807290029  200807290031
200807290020  200807290007  200807290008  200807290009  200807290010  200807290011  200807290012  200807290013  200807290014  200807290015  200807290016  200807290017  200807290018  200807290019  200807290021  200807290025  200807290029  200807290031
200807290021  200807290007  200807290008  200807290009  200807290010  200807290011  200807290012  200807290013  200807290014  200807290015  200807290016  200807290017  200807290018  200807290019  200807290020  200807290025  200807290029  200807290031
200807290025  200807290007  200807290008  200807290009  200807290010  200807290011  200807290012  200807290013  200807290014  200807290015  200807290016  200807290017  200807290018  200807290019  200807290020  200807290021  200807290029  200807290031
200807290026
200807290029  200807290007  200807290008  200807290009  200807290010  200807290011  200807290012  200807290013  200807290014  200807290015  200807290016  200807290017  200807290018  200807290019  200807290020  200807290021  200807290025  200807290031
200807290030
200807290031  200807290007  200807290008  200807290009  200807290010  200807290011  200807290012  200807290013  200807290014  200807290015  200807290016  200807290017  200807290018  200807290019  200807290020  200807290021  200807290025  200807290029
200807290032
200807290034
200807290035
200807290037
200807290038
200807290041  200807290042
200807290042  200807290041
200807290043
200807290044
200807290045
200807290047  200807290048  200807290049  200807290050  200807290051  200807290052
200807290048  200807290047  200807290049  200807290050  200807290051  200807290052
200807290049  200807290047  200807290048  200807290050  200807290051  200807290052
200807290050  200807290047  200807290048  200807290049  200807290051  200807290052
200807290051  200807290047  200807290048  200807290049  200807290050  200807290052
200807290052  200807290047  200807290048  200807290049  200807290050  200807290051
200807300001
200807300003
200807300005
200807300006
200807300008
200807300010
200807300011
200807300012
200807300013
200807300019
200807300026
200807300027
200807300030
200807310001
200807310002
200807310004
200807310005
200807310006
200807310007
200807310008
200807310009
200807310012
200807310013
200807310014
200807310016
200807310017
200807310022
200807310024
200808010001
200808010003
200808010004
200808010009  200808010013  200808010023
200808010013  200808010009  200808010023
200808010014
200808010016
200808010017
200808010021
200808010023  200808010009  200808010013
200808010024
200808020002  200808020004  200808020005  200808020006  2008080200018
200808020002  200808020001  200808020004  200808020005  200808020006  2008080200018
200808020004  200808020001  200808020002  200808020005  200808020006  2008080200018
200808020005  200808020001  200808020002  200808020004  200808020006  2008080200018
200808020006  200808020001  200808020002  200808020004  200808020005  2008080200018
200808020009
200808020011
200808020012
200808020013
200808020014
200808020015
200808020016
200808020018  200808020001  200808020002  200808020004  200808020005  200808020006
200808020020
200808020023  200808020036
200808020024
200808020026
200808020030
200808020034
200808020035
200808020036  200808020023
200808030001
200808030002
200808030003
200808030004
200808030009
200808030010
200808030011
200808030012
200808030013
200808030015
200808030016
200808030017
200808030018
200808030019
200808030020
200808030021
200808030022
200808030023
200808030026
200808030027
200808030028
200808030029
200808030030
200808040001
200808040002
200808040003
200808040004
200808040005
200808040009
200808040010  200808040015  200808040016
200808040013
200808040014
200808040015  200808040010  200808040016
200808040016  200808040010  200808040015
200808040018
200808040020
200808040022
200808050001
200808050004  200808050005
200808050005  200808050004
200808050006
200808050009  200808050019
200808050010
200808050016
200808050018
200808050019  200808050009
200808050020
200808050029
200808050030
200808050031
200808060002
200808060003
200808060004  200808060005
200808060005  200808060004
200808060011
200808060012
200808060014
200808060015
200808060020
200808060022
200808070001
200808070002
200808070003
200808070006
200808070008
200808070010
200808070011
200808070012
200808070014
200808070015
200808070016
200808070018
200808070019
200808070024
200808070026
200808070027
200808070028
200808070031
200808070032
200808070033
200808080001
200808080002  200808080003  200808080004
200808080003  200808080002  200808080004
200808080004  200808080002  200808080003
200808080005
200808080006
200808080007
200808080009
200808080013
200808080014
200808080015
200808080018
200808080019
200808080020
200808090001
200808090002
200808090003
200808090006
200808090007
200808090008
200808090011
200808090012
200808090013
200808100001  200808100002  200808100021
200808100002  200808100001  200808100021
200808100003
200808100004  200808100005
200808100005  200808100004
200808100006
200808100013
200808100014
200808100015
200808100016
200808100017
200808100018
200808100019
200808100020
200808100021  200808100001  200808100002
200808100023
200808100025
200808100030
200808100031
200808100032
200808110004
200808110005
200808110006
200808110007
200808110008
200808110009  200808110029  200808120036
200808110010
200808110014
200808110018
200808110020
200808110021
200808110024
200808110026
200808110027
200808110009  200808110029  200808120036
200808110030
200808110031
200808110035
200808110037
200808110040
200808110042
200808120001
200808120004  200808120006  200808120007
200808120005
200808120006  200808120004  200808120007
200808120007  200808120004  200808120006
200808120009
200808120010
200808120011
200808120012
200808120013
200808120016
200808120018
200808120024
200808110009  200808110029  200808120036
200808130001
200808130002
200808130003
200808130004
200808130005
200808130006
200808130007
200808130008
200808130009
200808130010
200808130013
200808130015
200808130016  200808130017
200808130017  200808130016
200808130019
200808130020
200808130021
200808130024
200808130025
200808130030
200808130033
200808130036
200808130037
200808130038
200808130039
200808130040
200808140001
200808140008  200808140009
200808140009  200808140008
200808140011
200808140013
200808140015
200808140016
200808140017
200808140018
200808140019
200808140020
200808140021
200808140023
200808140025
200808140026
200808140027
200808140028
200808140029
200808140032
200808140033
200808140034
200808140035
200808140037
200808140038
200808140040
200808140045
200808140047
200808140048  200808140049
200808140049  200808140048
200808150003
200808150006
200808150008
200808150009
200808150011
200808150012
200808150013
200808150016  200808160004
200808150017
200808150019
200808150021
200808150022
200808150023
200808150024
200808150025
200808150026
200808150035
200808150039
200808160001
200808160002
200808160003  200808160023
200808160004  200808150016
200808160005
200808160007
200808160008
200808160009
200808160012
200808160020
200808160023  200808160003
200808160025
200808160028
200808170001
200808170005  200808190013  200808200003
200808170006
200808170007
200808170008  200808170009  200808170013
200808170009  200808170008  200808170013
200808170010
200808170011
200808170013  200808170008  200808170009
200808170015
200808170016  200808170017
200808170017  200808170016
200808170019
200808170020
200808170021
200808170022
200808170024
200808170025  200808170033
200808170033  200808170025
200808170036
200808170037
200808170044
200808170047
200808180001  200808180011
200808180002
200808180003
200808180004
200808180005
200808180006
200808180008
200808180009
200808180010
200808180011  200808180001
200808180013
200808180015
200808180016
200808180017
200808180018
200808180020
200808180021
200808180034
200808180035
200808180037
200808180038
200808180039
200808190013  200808170005  200808200003
200808190019
200808190020
200808190021
200808190023
200808190024
200808190025
200808190027
200808190028
200808190031
200808200003  200808170005  200808190013
200808200004
200808200006
200808200007
200808200009
200808200010
200808200011
200808200012  200808200025
200808200014
200808200020
200808200025  200808200012
200808210001
200808210002
200808210005
200808210006
200808210012  200808210014
200808210013
200808210014  200808210012
200808210015
200808210016
200808210019
200808210021
200808210024
200808210026
200808220001
200808220004
200808220005
200808220006
200808220008
200808220010
200808220013
200808220014
200808220016
200808220017
200808230001
200808230003
200808230005
200808230006
200808230008
200808230009
200808230010
200808230011
200808230012
200808230013
200808230015
200808230019
200808230031
200808230039
200808230042
200808240002
200808240004
200808240005
200808240008  200808240009
200808240009  200808240008
200808240012
200808240014
200808240015
200808240021
200808240022
200808250001
200808250002
200808250008
200808250009
200808250015
200808250016
200808250020
200808250023
200808250024
200808250025
200808250026
200808250027
200808250028
200808260001
200808260005
200808260006
200808260008
200808260009
200808260010
200808260011
200808260012
200808260013  200808260014
200808260014  200808260013
200808260015
200808260016
200808260017
200808260019
200808260020
200808260022
200808260023
200808260024
200808260026
200808260028
200808260031
200808260032
200808260033
200808260034
200808270001
200808270002
200808270003
200808270006
200808270007
200808270008
200808270009
200808270010
200808270011
200808270012
200808270014
200808280004
200808280005
200808280006
200808280012
200808280013
200808280014
200808290001
200808290004
200808290005
200808290006
200808290007
200808290008
200808290014
200808290015
200808290017
200808300001
200808300002
200808300005
200808300012
200808300013
200808310001
200808310003
200808310011
200808310015
200809010001
200809010002
200809010004
200809010005
200809010007
200809010008
200809010013
200809010014
200809010015
200809010017
200809010019
200809010023
200809010024
200809020004
200809020005
200809020010
200809020012
200809020014
200809020015
200809030003
200809030004
200809030005
200809030006
200809030007
200809030008
200809030011
200809030021
200809030023
200809040002
200809040003
200809040004
200809040005
200809040007
200809040011
200809040020
200809050001
200809050002
200809050004
200809050005
200809050014
200809060002
200809060004
200809060008
200809060018
200809060020
200809070004
200809070009
200809070014
200809070015
200809070016
200809070017
200809070020
200809080002
200809080004
200809080009
200809080014
200809080015
200809080016
200809090001
200809090002
200809090003
200809090005
200809090006
200809090010
200809090011
200809090023
200809090024
200809100003
200809100005
200809100006
200809100007
200809100008
200809100011
200809100014
200809100015
200809100016
200809100021
200809110001
200809110002
200809110003
200809110004
200809110005
200809110006
200809110012
200809110014
200809110016
200809110022
200809110026
200809110027
200809110028
200809110029
200809120001
200809120005
200809120006
200809120009
200809120014
200809120017
200809130001  200809130012  200809130013  200809130014  200809130015  200809130017  200809130022
200809130003
200809130004
200809130008
200809130012  200809130001  200809130013  200809130014  200809130015  200809130017  200809130022
200809130013  200809130001  200809130012  200809130014  200809130015  200809130017  200809130022
200809130014  200809130001  200809130012  200809130013  200809130015  200809130017  200809130022
200809130015  200809130001  200809130012  200809130013  200809130014  200809130017  200809130022
200809130017  200809130001  200809130012  200809130013  200809130014  200809130015  200809130022
200809130022  200809130001  200809130012  200809130013  200809130014  200809130015  200809130017
200809140001
200809140004
200809140009
200809140011
200809150001
200809150002
200809150003
200809150004
200809150006
200809150009
200809150010
200809150012
200809150013
200809150016
200809160001
200809160002
200809160003
200809160006
200809160007
200809160013
200809170002
200809170003
200809170005
200809170009
200809170010
200809170013
200809170018
200809170024
200809180002
200809180003
200809180004
200809180005
200809180006
200809180009
200809180011
200809180013
200809180017
200809180018
200809180019
200809190001
200809190002
200809190007
200809190010
200809190012
200809190014  200809190015  200809190016  200809190017  200809190018
200809190015  200809190014  200809190016  200809190017  200809190018
200809190016  200809190014  200809190015  200809190017  200809190018
200809190017  200809190014  200809190015  200809190016  200809190018
200809190018  200809190014  200809190015  200809190016  200809190017
200809190020
200809190023
200809190032
200809200002
200809200003
200809200004
200809200007
200809200008
200809200009
200809200010
200809200019
200809210002
200809210003
200809210007
200809210008
200809210009  200809210010
200809210010  200809210009
200809210012
200809210013
200809210014
200809210017
200809210021
200809210023
200809210025
200809210026  200809210027
200809210027  200809210026
200809210034
200809220003
200809220004
200809220006
200809220011
200809220012
200809220014
200809220015
200809220018
200809220024
200809220025
200809220026
200809220027
200809220028
200809220031
200809220033
200809220040
200809220041
200809230003
200809230004
200809230006
200809240002
200809240004
200809240008
200809240010
200809240015
200809250001
200809250006
200809250007
200809250008
200809250009  200809250010
200809250010  200809250009
200809250011
200809250017
200809250020
200809260001
200809260002
200809260003  200809260004  200809260005  200809260007  200809260008  200809260009
200809260004  200809260003  200809260005  200809260007  200809260008  200809260009
200809260005  200809260003  200809260004  200809260007  200809260008  200809260009
200809260006
200809260007  200809260003  200809260004  200809260005  200809260008  200809260009
200809260008  200809260003  200809260004  200809260005  200809260007  200809260009
200809260009  200809260003  200809260004  200809260005  200809260007  200809260008
200809260015
200809270002
200809270003
200809270004
200809270012
200809270013
200809270016
200809280001
200809280002
200809280003
200809280006
200809280011
200809280013
200809280014  200809280015
200809280015  200809280014
200809280016  200809280022
200809280017
200809280018
200809280019
200809280020
200809280022  200809280016
200809280025
200809280027
200809280028  200809280029  200809280030
200809280029  200809280028  200809280030
200809280030  200809280028  200809280029
200809280031
200809280033
200809280036
200809290002
200809290003
200809290005
200809290009
200809290010
200809290011
200809300001
200809300002  200809300003  200809300007  200809300008  200809300009
200809300003  200809300002  200809300007  200809300008  200809300009
200809300007  200809300002  200809300003  200809300008  200809300009
200809300008  200809300002  200809300003  200809300007  200809300009
200809300009  200809300002  200809300003  200809300007  200809300008
200809300011
200810010001
200810010002
200810010003
200810010006
200810010007
200810010008
200810020001  200810020002
200810020002  200810020001
200810020003
200810020004
200810020005  200810020006
200810020006  200810020005
200810020008
200810020009
200810030001
200810030002
200810030003
200810030004
200810030005
200810030006
200810030009
200810030010
200810030011
200810030012
200810040001
200810040003
200810040004
200810040007
200810040008
200810040011
200810050002
200810050003
200810050004
200810050009
200810050011
200810060001
200810060002
200810060006
200810060007
200810060009
200810060010
200810060011
200810070001
200810070002
200810070003
200810070004
200810070005
200810080001
200810080002
200810080003
200810080004
200810080008
200810080009
200810090001
200810090002
200810090003
200810090004
200810090005
200810090006
200810090009
200810090010
200810100002
200810100003
200810100005
200810100006
200810100008
200810100009
200810100011
200810110001
200810110002
200810110003
200810110004
200810110005
200810110006
200810110007
200810110008
200810110009
200810110010
200810110013
200810110014
200810110015
200810120001
200810120002
200810120003
200810120004
200810120005  200810120006
200810120006  200810120005
200810120009
200810130001
200810130002
200810130004
200810130005
200810130007
200810130008
200810130009
200810140001
200810140002
200810140003
200810140006
200810150003
200810150004
200810150005
200810150006
200810150007
200810150012
200810150017
200810150018
200810150019
200810160001
200810160002
200810160003
200810160004
200810160005
200810160007
200810160008
200810160013
200810160015
200810160016
200810170001
200810170002
200810170003
200810170005
200810170009
200810170010
200810170015
200810170018
200810180001
200810180002
200810180003
200810180004
200810180005
200810180008
200810180012
200810180013
200810180014
200810180015
200810180018
200810180027
200810180029
200810190001
200810190003
200810190004
200810190005
200810190006
200810190007
200810190008
200810190009
200810190010
200810190013
200810190014
200810190015
200810190016
200810190017
200810190018
200810190019
200810190038
200810190039
200810190042
200810190043
200810190048
200810190049
200810200001
200810200002
200810200004
200810200005
200810200006
200810200008
200810200009
200810200014
200810200015
200810200016
200810210002
200810210004
200810210006
200810210007
200810210009
200810210010
200810210011
200810210012
200810210013
200810210014
200810210016
200810210033
200810210034
200810220001
200810220004
200810220005
200810220006
200810220007  200810220014  200810220015
200810220009
200810220011
200810220014  200810220007  200810220015
200810220015  200810220007  200810220014
200810220016
200810220017
200810220040
200810220041
200810230001
200810230002
200810230003
200810230004
200810230005
200810230006
200810230008
200810230009
200810230010
200810230011
200810230013
200810230014  200810230015  200810230016  200810230017  200810230018  200810230019
200810230015  200810230014  200810230016  200810230017  200810230018  200810230019
200810230016  200810230014  200810230015  200810230017  200810230018  200810230019
200810230017  200810230014  200810230015  200810230016  200810230018  200810230019
200810230018  200810230014  200810230015  200810230016  200810230017  200810230019
200810230019  200810230014  200810230015  200810230016  200810230017  200810230018
200810230020
200810230032
200810240001
200810240003
200810240004
200810240006
200810240007
200810250001
200810250002
200810250003
200810250006
200810250007
200810250008
200810250009
200810250010
200810250011
200810250012
200810250013
200810250014
200810250015
200810250017
200810250029
200810260002
200810260003  200810260004
200810260004  200810260003
200810260005
200810260006
200810260007
200810260008
200810260020
200810260022
200810260023
200810260025
200810260028
200810270002
200810270003
200810270004
200810270005
200810270006
200810270007
200810270008
200810270009
200810270010
200810270011
200810270012
200810270014
200810270015
200810270016
200810270017
200810280001
200810280002
200810280003
200810280005
200810280006
200810280007
200810280010
200810280024
200810280026
200810280027
200810280028
200810290002
200810290004
200810290005
200810290006
200810290008  200810300010
200810290009
200810290010
200810290011
200810290012
200810290013
200810290014
200810290015  200810290016  200810290017
200810290016  200810290015  200810290017
200810290017  200810290015  200810290016
200810290018
200810290019
200810290021
200810290022
200810290023
200810290041
200810290042
200810290043
200810290044
200810290046
200810300001
200810300002
200810300003
200810300004
200810300005  200810300007  200810300008  200810300009
200810300006
200810300007  200810300005  200810300008  200810300009
200810300008  200810300005  200810300007  200810300009
200810300009  200810300005  200810300007  200810300008
200810300010  200810290008
200810300011
200810300014
200810300015
200810300017
200810300020
200810300021
200810300022
200810300033
200810300034
200810310001
200810310002
200810310003
200810310004
200810310011
200810310013
200810310014
200810310015
200810310016
200810310018
200811010002
200811010004
200811010007
200811010009
200811010010
200811010014
200811010016
200811010017
200811010018
200811010019
200811010020
200811010022
200811020001
200811020002
200811020003
200811020004
200811020005
200811020007
200811020008
200811020009
200811020010
200811020011
200811020012
200811020013
200811020014
200811020015
200811020018
200811020019
200811020020
200811020024
200811020026
200811020027
200811030001
200811030002
200811030004
200811030005
200811030006  200811030022  200811030023
200811030007
200811030008
200811030009
200811030010
200811030012
200811030016
200811030019
200811030020
200811030022  200811030006  200811030023
200811030023  200811030006  200811030022
200811030024
200811040001
200811040002  200811040005  200811040006
200811040003
200811040004
200811040005  200811040002  200811040006
200811040006  200811040002  200811040005
200811040007
200811040008
200811040009
200811040010
200811040011
200811040013
200811040014
200811040017
200811040018
200811040019
200811040020
200811040021
200811040022
200811040023
200811040024
200811040025
200811040026
200811040029
200811050001
200811050002
200811050004
200811050005
200811050006
200811050008
200811050009
200811050010
200811050015
200811050020
200811050034
200811060001
200811060002
200811060004
200811060005
200811060006
200811060007
200811060008
200811060010
200811060013
200811060016
200811060021
200811060025
200811070002
200811070005
200811070006
200811070007
200811070014
200811070015
200811080001
200811080002
200811080003
200811080005
200811080008
200811080009
200811080013
200811080016
200811090001
200811090002
200811090003
200811090005
200811090006
200811090008
200811090009
200811090010
200811090011
200811090013
200811090014
200811090015
200811090017
200811090018
200811090021
200811090022
200811090023
200811090024
200811090025
200811090026
200811090027
200811090029
200811090030
200811100001  200811100005  200811100009
200811100003
200811100004
200811100005  200811100001  200811100009
200811100006
200811100007  200811100016
200811100009  200811100001  200811100005
200811100011
200811100012
200811100014
200811100016  200811100007
200811100019
200811100020
200811100021
200811100025
200811100026
200811100027
200811110001
200811110002
200811110004
200811110005
200811110006
200811110007
200811110008
200811110010
200811110011
200811110012
200811110015
200811110018
200811110020
200811110025
200811120003
200811120004
200811120005
200811120006
200811120007
200811120008
200811120010
200811120011
200811120012
200811120013
200811120014
200811120015
200811120023
200811120024
200811130002
200811130003
200811130004
200811130005
200811130006
200811130007
200811130010  200811260001  200811260002  200811260003  200811260005  200811260006  200811260009  200811260010
200811130011  200811130025
200811130012
200811130013
200811130015
200811130016
200811130023
200811130025  200811130011
200811140001
200811140002
200811140003
200811140004
200811140006
200811140008
200811140009
200811140010
200811140011
200811140012
200811140013
200811140015
200811140016
200811140017
200811140018
200811140019
200811140024
200811140025
200811150001
200811150002
200811150003
200811150004
200811150005
200811150006
200811150007
200811150008
200811150009
200811150010
200811150011
200811150014
200811160001
200811160002
200811160003
200811160004
200811160005
200811160006
200811160008
200811160009
200811160010
200811160012
200811160013
200811160014
200811160027
200811170001
200811170002
200811170004
200811170005
200811170006
200811170007
200811170008
200811170009
200811170012
200811170013
200811170020
200811170023
200811170026
200811170028
200811170029
200811180001
200811180002
200811180003
200811180005
200811180006
200811180008
200811180010
200811180012
200811180015
200811180022
200811180028
200811180029
200811190001
200811190002
200811190003
200811190005
200811190008
200811190010
200811190011
200811190012
200811190015
200811190018
200811200001
200811200002
200811200003
200811200004
200811200006
200811200007
200811200008
200811200009
200811200010
200811200011
200811200012
200811200013
200811200014
200811200015
200811200016
200811200017
200811200018
200811200019
200811200020
200811200021
200811200023
200811200024
200811200028
200811200029
200811210002
200811210003
200811210004
200811210006  200811210022
200811210007
200811210009
200811210010
200811210011
200811210012
200811210014
200811210015
200811210019
200811210020
200811210021
200811210022  200811210006
200811210025
200811210027
200811220001
200811220002  200811220007  200811220009
200811220004
200811220005
200811220007  200811220002  200811220009
200811220009  200811220002  200811220007
200811220010
200811220011
200811220012
200811220013
200811220014
200811220015
200811220016
200811220019
200811220020
200811220022
200811220026
200811230001
200811230002
200811230003
200811230004
200811230005
200811230006
200811230007
200811230008
200811230010
200811230015
200811230016
200811230019
200811240001
200811240002
200811240003
200811240005
200811240006
200811240007
200811240008
200811240009
200811240010
200811240011
200811240015
200811240020
200811250002
200811250003
200811250004
200811250005
200811250006
200811250009
200811250010
200811250011
200811250012
200811250013
200811250015
200811250019
200811260001  200811130010  200811260002  200811260003  200811260005  200811260006  200811260009  200811260010
200811260002  200811130010  200811260001  200811260003  200811260005  200811260006  200811260009  200811260010
200811260003  200811130010  200811260001  200811260002  200811260005  200811260006  200811260009  200811260010
200811260004
200811260005  200811130010  200811260001  200811260002  200811260003  200811260006  200811260009  200811260010
200811260006  200811130010  200811260001  200811260002  200811260003  200811260005  200811260009  200811260010
200811260007
200811260008
200811260009  200811130010  200811260001  200811260002  200811260003  200811260005  200811260006  200811260010
200811260010  200811130010  200811260001  200811260002  200811260003  200811260005  200811260006  200811260009
200811260011
200811260012
200811260014
200811260015
200811260016
200811260017
200811260018
200811260019
200811260022
200811260024
200811270001
200811270002
200811270003
200811270004
200811270005
200811270006
200811270007
200811270008
200811270009
200811270010
200811270011
200811270012
200811270014
200811270018
200811270019
200811270020
200811270022
200811280001
200811280002
200811280003
200811280004
200811280005  200811280018
200811280006
200811280007
200811280012
200811280013
200811280014
200811280016
200811280018  200811280005
200811290001
200811290002  200811290004
200811290004  200811290002
200811290006
200811290008
200811290009
200811300001
200811300002
200811300004
200811300006
200811300008
200811300009
200811300010
200811300011
200811300012
200811300013
200811300018
200812010002
200812010003
200812010006
200812010007
200812010009
200812010010
200812010011
200812010012
200812010013
200812010014
200812010016
200812010020
200812010021
200812010023
200812010024
200812010027
200812010028
200812010030
200812010031
200812010032
200812010034
200812020004
200812020005
200812020006
200812020007
200812020008
200812020009
200812020012
200812020013
200812020015
200812020019
200812020023
200812030001
200812030002
200812030003
200812030004
200812030006
200812030007
200812030012
200812030013
200812030014
200812030015
200812030016
200812030017
200812030019
200812030025
200812030027
200812030029
200812040002
200812040004
200812040006
200812040008
200812040009
200812040010
200812040011
200812040012
200812040013
200812040014
200812040015
200812040017  200812040037
200812040022
200812040027
200812040031
200812040032
200812040033
200812040035
200812040036
200812040037  200812040017
200812050002
200812050003
200812050004
200812050005
200812050006
200812050015
200812050017
200812050018
200812050019
200812050021
200812060001
200812060002
200812060003
200812060006
200812060007
200812060009
200812060010
200812060011
200812060012
200812060013
200812060014
200812060015
200812060029
200812060032
200812060034
200812070001
200812070002
200812070004
200812070005
200812070006
200812070007
200812070008
200812080002
200812080004
200812080005
200812080006
200812080007
200812080008
200812080010
200812080011
200812080016
200812080020
200812090001
200812090003
200812090004
200812090006
200812090008
200812090009
200812090011
200812090012
200812100001
200812100002
200812100003
200812100005
200812100007
200812100008
200812100017
200812100018
200812100019
200812100022
200812100023
200812110001
200812110002
200812110003
200812110004
200812110005
200812110006
200812110008
200812110010
200812110012
200812110013
200812110014
200812110016
200812110018
200812110019
200812110021
200812110022
200812110023
200812110027
200812110033  200812110034
200812110034  200812110033
200812120002
200812120003
200812120006
200812120008
200812120009
200812120011
200812120014
200812120015
200812120022
200812130001
200812130002
200812130005
200812130007
200812130008
200812130009
200812130010
200812130011
200812130012
200812130014
200812130017
200812130018
200812130021
200812130022
200812130023  200812130024
200812130024  200812130023
200812130025
200812130027
200812130028
200812130036
200812140001
200812140002
200812140003
200812140004
200812140006
200812140007
200812140010
200812140011
200812140013
200812140014
200812140015
200812140016
200812140017
200812140023
200812140024
200812140029
200812140030
200812140031
200812150001
200812150002
200812150003
200812150004
200812150009
200812150010
200812150018
200812150019
200812160001
200812160002
200812160003
200812160004
200812160005
200812160006
200812160007
200812160008
200812160009
200812160011
200812160012
200812160013
200812160016
200812160017
200812160018
200812160019
200812160021
200812160022
200812160024
200812170002  200812170003
200812170003  200812170002
200812170007
200812170008
200812170009
200812170010
200812170011
200812170014
200812170017
200812170041
200812170047
200812180001
200812180002
200812180003
200812180004
200812180005
200812180006
200812180007
200812180008
200812180009
200812180010
200812180011
200812180014  200812180015
200812180015  200812180014
200812190003
200812190004
200812190006
200812190007
200812190008
200812190010
200812190011
200812190012
200812190014
200812190015
200812190019
200812190020
200812190021
200812200003
200812200006
200812200007
200812200008
200812200009
200812200010
200812200012
200812200014
200812200016
200812200017
200812200020
200812200022
200812200032
200812210002
200812210003
200812210004
200812210006
200812210008
200812210011
200812210012
200812210013  200812210014
200812210014  200812210013
200812210016
200812210018
200812210029
200812220002
200812220003
200812220005
200812220008
200812220010
200812220011
200812220013
200812220014
200812220020
200812220023
200812220024
200812220026
200812220029
200812230001
200812230003
200812230005
200812230006
200812230008
200812230009
200812230012
200812230013
200812230014
200812230015
200812230016
200812230018
200812230020
200812230024
200812240001
200812240003
200812240004
200812240005
200812240006
200812240008
200812240009
200812240010
200812240011
200812240012
200812240013
200812240017
200812240018
200812240024
200812240028
200812240033
200812250001
200812250002
200812250004
200812250005
200812250006
200812250007
200812250008
200812250009
200812250010
200812250011
200812250012
200812250013
200812250014
200812250015
200812250017  200812250018
200812250018  200812250017
200812250021
200812250022
200812250023
200812250024
200812250027
200812250030
200812260003
200812260004
200812260006
200812260007
200812260009
200812260011
200812260013
200812260014
200812260015
200812260016
200812260022
200812260024
200812270001
200812270002
200812270004
200812270005
200812270006
200812270007
200812270008
200812270010
200812270011
200812270012
200812270014
200812270020
200812270028
200812280003
200812280004
200812280005
200812280006
200812280007
200812280009
200812280011
200812280012
200812280013
200812280014
200812280015
200812280016
200812280017
200812280019
200812280021
200812280023  200812280024  200812280025
200812280024  200812280023  200812280025
200812280025  200812280023  200812280024
200812280026
200812280027
200812280028
200812280030
200812280031
200812280033
200812280034
200812280042
200812280043
200812280044
200812290002
200812290003
200812290005
200812290006
200812290008
200812290010
200812290011
200812290012
200812290014
200812290015
200812290024
200812290026
200812290038
200812300001
200812300004
200812300005
200812300007
200812300008
200812300010
200812300011
200812300020
200812300023
200812300029
200812300040
200812300042
200812310001
200812310002
200812310006
200812310007
200812310008
200812310009
200812310010
200812310011
200812310012
200812310013
200812310014
200812310016
200812310017
200812310025
200906030001
201004040016
