200701010001  200701010008
200701010002
200701010003
200701010004
200701010005
200701010006
200701010007
200701010008  200701010001
200701010009
200701010010
200701030001
200701030002
200701040001
200701040002
200701050001
200701050002
200701050003
200701050004
200701050005
200701050006  200701050007
200701050007  200701050006
200701060001
200701060002
200701060003
200701060004
200701070002
200701080002
200701080003
200701080004
200701080006
200701080007
200701080008
200701090001
200701090002
200701090003
200701100001  200701100002  200701100003
200701100002  200701100001  200701100003
200701100003  200701100001  200701100002
200701100004
200701100005
200701100006
200701100007
200701100008
200701100009
200701100010
200701100011
200701110001
200701120001
200701120002
200701120004
200701120005
200701120006
200701120007
200701130002
200701130003
200701130004
200701130005
200701130006
200701130007
200701140001
200701140002
200701140003
200701140004
200701140006
200701140008
200701150001
200701150002
200701150003
200701150004
200701150006
200701160001
200701160002
200701160003
200701160004
200701160006
200701170001
200701170002
200701170004
200701170005
200701180001
200701180003
200701180004
200701180005
200701180006
200701180007
200701180008
200701190001
200701190002
200701190003
200701190004
200701200002
200701200003
200701210002
200701210003
200701210005
200701210006
200701210007
200701210008
200701210009
200701210010
200701220003
200701220005
200701220006
200701220008
200701220009
200701220010
200701230001
200701230002
200701230004
200701230005
200701230006
200701230007
200701230008
200701230009
200701230010
200701230011
200701230012
200701240001
200701240002
200701240003
200701240004
200701240005
200701240006
200701240007
200701240008
200701240009
200701250001
200701250002
200701250003
200701250004
200701250005
200701250006
200701250007
200701260001
200701260002
200701260003
200701260004
200701260005
200701260006
200701260007
200701270001
200701270002
200701270003
200701270005
200701270006
200701270007
200701280001
200701280002
200701280003
200701280004
200701280005
200701280006
200701280007
200701290001
200701290002
200701290003
200701300001
200701300002
200701300003
200701300004
200701300005
200701300007
200701300008
200701310001
200701310002
200701310003
200701310004
200701310005
200701310006
200701310007
200701310008
200701310009
200701310010
200701310011
200702010001
200702010002
200702010003
200702010004
200702010005
200702010006
200702020001
200702020002
200702020003
200702020004
200702020005
200702020006
200702020007
200702020008
200702030001
200702030012
200702030013
200702030020
200702030021
200702030022
200702030023
200702030024
200702030025
200702030026
200702030027
200702030028
200702030029
200702030030
200702040001
200702040002
200702040003
200702040004
200702040005
200702050002
200702050003
200702050004
200702050005
200702050006
200702050008
200702060001
200702060020
200702060021
200702060022
200702060024
200702060025  200702060033
200702060026  200702060031
200702060027
200702060028
200702060029
200702060030
200702060031  200702060026
200702060032
200702060033  200702060025
200702060034
200702060035
200702060036
200702060037
200702060038
200702070001
200702070002
200702080001
200702080002
200702080004
200702080005
200702080006
200702080007
200702080008
200702080009
200702090001
200702090020
200702090021
200702090022
200702090023
200702090024
200702090025
200702090026
200702090027
200702090028
200702090029
200702090030
200702090031
200702100020
200702100021
200702100022
200702100023
200702100025
200702100026
200702100027
200702100028
200702100030
200702110001
200702110002
200702110004
200702110005
200702110006
200702120020
200702120021
200702120022
200702120023
200702120024
200702120026
200702120027
200702120028
200702120030
200702120031
200702130001  200702130002  200702130003  200702130004  200702130005  200702130006
200702130002  200702130001  200702130003  200702130004  200702130005  200702130006
200702130003  200702130001  200702130002  200702130004  200702130005  200702130006
200702130004  200702130001  200702130002  200702130003  200702130005  200702130006
200702130005  200702130001  200702130002  200702130003  200702130004  200702130006
200702130006  200702130001  200702130002  200702130003  200702130004  200702130005
200702140002
200702140003
200702140004
200702140005
200702140006
200702140007
200702140008
200702150001
200702150020
200702150021
200702150022
200702150023
200702150024
200702150025
200702150026
200702150027
200702150029
200702160001
200702160002
200702160003
200702160004
200702160005
200702170001
200702170002
200702170003
200702170004
200702170005
200702170006
200702170007
200702180001
200702180002
200702180003  200702180010  200702180011  200702180012  200702180013
200702180005
200702180006
200702180007
200702180008
200702180009
200702180010  200702180003  200702180011  200702180012  200702180013
200702180011  200702180003  200702180010  200702180012  200702180013
200702180012  200702180003  200702180010  200702180011  200702180013
200702180013  200702180003  200702180010  200702180011  200702180012
200702180015
200702190001
200702190002
200702190003
200702190004
200702190005
200702190006
200702190007
200702190008
200702190009
200702190010
200702200001
200702200002
200702200003
200702200004
200702200005
200702200006
200702200007
200702200008
200702200009
200702200010
200702200011
200702200012
200702210001
200702210002
200702210003
200702210004
200702210005
200702210006
200702210007
200702210008
200702210010
200702220001
200702220002
200702220003
200702230002
200702230003
200702230004
200702230005
200702240001
200702240002
200702240003
200702240004
200702240005
200702240006
200702240008
200702240009
200702250001
200702260001
200702260002
200702260003
200702260004
200702260005
200702260006
200702260007
200702260008
200702260009
200702260010
200702270001
200702270002
200702270003
200702270004
200702270005
200702270006
200702270007
200702270008
200702270009
200702270010
200702270011
200702270012
200702280001
200702280002
200702280003
200702280004
200702280005
200702280006
200702280007
200702280008
200702280009  200702280010  200702280011  200702280012
200702280010  200702280009  200702280011  200702280012
200702280011  200702280009  200702280010  200702280012
200702280012  200702280009  200702280010  200702280011
200703010001
200703010002
200703010003
200703010004
200703010005
200703020001
200703020002
200703020003
200703030001
200703030002
200703040001
200703040002
200703040003
200703040004
200703050001
200703050002
200703050003
200703060001
200703060002
200703060003
200703060005
200703060006
200703070001
200703070002
200703070003
200703090001
200703090003
200703100001
200703100002
200703110001
200703110002
200703110003
200703110004
200703110005
200703110006
200703120002
200703120003
200703120004
200703120005
200703120006
200703130001
200703140001  200703140002
200703140002  200703140001
200703140003
200703140004
200703140005
200703150001
200703150002
200703150003
200703150004
200703150005
200703150008
200703150009
200703160001  200703160002  200703160003
200703160002  200703160001  200703160003
200703160003  200703160001  200703160002
200703160004
200703160006
200703160007
200703160008
200703160009
200703170002
200703170003
200703170004
200703170005
200703170006
200703170007
200703170011
200703170012
200703170013
200703170014
200703180002
200703180006
200703180008
200703180009
200703180010
200703190001
200703190002
200703190003
200703190004
200703190006
200703190007
200703190008
200703190009
200703190010
200703190011
200703190012
200703190013
200703190014
200703190015
200703200001
200703200002
200703200003
200703200004
200703200005
200703200006
200703200007
200703200008
200703200009
200703200010
200703200011
200703200012
200703200013
200703200014
200703200015
200703210001
200703210002
200703210003
200703210004
200703210005
200703210006
200703210007
200703210011
200703210012
200703210013
200703220002
200703220005
200703230001
200703230002
200703230003
200703230004
200703230005
200703230006
200703230007
200703230008
200703230009
200703230011
200703240001
200703240002
200703240005
200703240007
200703240010
200703240011
200703240012
200703240013
200703250001
200703250002
200703250003
200703250004
200703250005
200703250006
200703250008
200703250009
200703260002
200703260003
200703260005
200703260006
200703260007
200703260008
200703260009
200703260010
200703260011
200703260012
200703260013
200703270001
200703270002
200703270003
200703270004
200703270005
200703270006
200703270007
200703270008
200703270009
200703270010
200703270012
200703270013
200703270014
200703270015
200703270016
200703270017
200703270018
200703270019  200703310010
200703270020
200703270021
200703270022
200703270023
200703280001  200703280002
200703280002  200703280001
200703280003
200703280004
200703280005
200703280006
200703280007
200703280008
200703280009
200703280010
200703280011
200703280012
200703280013
200703280014
200703280015
200703280016
200703290001
200703290003
200703290004
200703290005
200703290006
200703290007
200703290008
200703290009
200703290010
200703290011
200703290013
200703300001  200703300004
200703300002
200703300003
200703300004  200703300001
200703300005
200703300006
200703300007
200703300009
200703300010
200703300011
200703300012
200703310001
200703310002
200703310003
200703310004
200703310005
200703310006
200703310007
200703310008
200703310009
200703310010  200703270019
200703310011
200703310012
200703310013
200703310014
200704010001
200704010002
200704010003
200704010004
200704010005
200704020002
200704020003
200704020004
200704020005
200704020006
200704020007
200704020008
200704020009
200704020010
200704030001
200704030002
200704030003
200704030004
200704030005
200704030006
200704030007
200704030008
200704030010
200704040001
200704040002
200704040003
200704040004
200704040005
200704050001
200704050002
200704050003
200704050004
200704050005
200704050006
200704060001
200704060002
200704060003
200704060004
200704060005
200704060006
200704060007
200704060008
200704060009
200704060011
200704070001
200704070002
200704070003
200704070004
200704080001
200704080002
200704080003
200704080004
200704080006
200704090001
200704090002
200704090003
200704090004
200704090005
200704090006
200704090007
200704090008
200704090009
200704090011
200704100006
200704100007
200704100008
200704100009
200704100011
200704100012
200704100013
200704100014
200704100015
200704100016
200704100017
200704110001
200704110002
200704110003
200704110004
200704110005
200704110006
200704110007
200704110008
200704110009
200704110011
200704110012
200704110014
200704110016
200704120001
200704120002
200704120003
200704120004
200704120006
200704120007
200704120008
200704120009
200704120010
200704120011
200704120012
200704120013
200704120014
200704130001
200704130002
200704130004
200704130006
200704130007
200704130008
200704130009
200704140001
200704140002
200704140003
200704140004
200704140005
200704140006
200704140007
200704140008
200704150001
200704150002
200704150003
200704150004
200704150005
200704150006
200704150007
200704150008
200704150009
200704150010
200704150011
200704150012
200704160001
200704160002
200704160003
200704160004
200704170001
200704170002
200704170003
200704170004
200704170006
200704170007
200704170008
200704170010
200704180001
200704180002
200704180003
200704180004
200704180005
200704180006
200704180007
200704180008
200704190001
200704190002
200704190003
200704190004
200704190005
200704200001
200704200002
200704200003
200704210001
200704210002
200704210003
200704210004
200704210006
200704210007
200704210008  200704210009
200704210009  200704210008
200704220001
200704220002
200704220003
200704220005
200704220006
200704230003
200704230004
200704230005
200704230006
200704230007
200704230008
200704230009
200704230010
200704230011
200704230012
200704230013
200704230014
200704240001
200704240002
200704240003
200704240005
200704240006
200704240007
200704250001
200704250003
200704250004
200704250006
200704250007
200704250008
200704250009
200704260002
200704260003
200704260004
200704270001
200704280001
200704280002
200704280003
200704280006
200704280007
200704280008
200704290001
200704290002
200704290003
200704290004
200704290005
200704290006
200704290008
200704300001
200704300002
200704300003
200704300004
200704300005
200704300006
200704300007
200705010001
200705010002
200705010003
200705010005
200705010006  200705010007
200705010007  200705010006
200705010008
200705010009
200705010010
200705010011
200705020001
200705020002
200705020003
200705030001
200705030002
200705030003
200705030004
200705030006
200705030007
200705040001
200705040002
200705060001
200705060002
200705060003
200705060007
200705060009
200705070001
200705070003
200705070004
200705080001
200705080002
200705090001
200705090002
200705090003
200705100001
200705110001  200705110002
200705110002  200705110001
200705110003
200705110005
200705120001
200705120002
200705120003
200705120004
200705120005
200705120006
200705120007
200705130001
200705130002
200705130003
200705140001
200705140002
200705140003  200705140004  200705140005
200705140004  200705140003  200705140005
200705140005  200705140003  200705140004
200705140006
200705150001
200705150002
200705150003
200705150004
200705150005  200705160007
200705150006
200705160001
200705160006
200705160007  200705150005
200705160008
200705170001
200705170002  200705170006
200705170003
200705170004
200705170005
200705170006  200705170002
200705180001
200705180002
200705180003
200705180004
200705180005
200705180006
200705190002
200705190003
200705190004
200705190005
200705200001
200705200002
200705200003
200705200004
200705200005
200705200006
200705200007
200705200008
200705200009
200705210001
200705210003
200705210004
200705210005
200705220001
200705220002
200705220003
200705220004
200705220005
200705220006
200705220007
200705220010
200705230001
200705230002
200705230003
200705230004
200705230005
200705230006
200705230007
200705230009
200705240001
200705240002
200705240003
200705240004
200705240005
200705240007
200705240008
200705240010
200705240011
200705250001
200705250002
200705250003
200705250006
200705260001
200705260003
200705260004
200705260005
200705260006
200705260007
200705270001
200705270002
200705270003
200705270004
200705270005
200705270006
200705270008
200705270009  200705270010  200705270011  200705270012  200705270013  200705270014  200705270015
200705270010  200705270009  200705270011  200705270012  200705270013  200705270014  200705270015
200705270011  200705270009  200705270010  200705270012  200705270013  200705270014  200705270015
200705270012  200705270009  200705270010  200705270011  200705270013  200705270014  200705270015
200705270013  200705270009  200705270010  200705270011  200705270012  200705270014  200705270015
200705270014  200705270009  200705270010  200705270011  200705270012  200705270013  200705270015
200705270015  200705270009  200705270010  200705270011  200705270012  200705270013  200705270014
200705280001
200705280002
200705280003
200705280004
200705280005
200705280006
200705280007
200705280010
200705280011
200705280013
200705290001
200705290002
200705290003
200705290004
200705290006
200705290008
200705300001
200705300002
200705300004
200705300005
200705300006
200705300007
200705310001
200705310002
200705310005
200705310006
200705310007
200705310008
200706010001
200706010002
200706010003
200706010004
200706010005  200706010020  200706010021  200706010022  200706010023  200706010024  200706010025
200706010006
200706010007
200706010008
200706010009
200706010010
200706010011
200706010012
200706010013
200706010014
200706010015
200706010016
200706010017
200706010018
200706010020  200706010005  200706010021  200706010022  200706010023  200706010024  200706010025
200706010021  200706010005  200706010020  200706010022  200706010023  200706010024  200706010025
200706010022  200706010005  200706010020  200706010021  200706010023  200706010024  200706010025
200706010023  200706010005  200706010020  200706010021  200706010022  200706010024  200706010025
200706010024  200706010005  200706010020  200706010021  200706010022  200706010023  200706010025
200706010025  200706010005  200706010020  200706010021  200706010022  200706010023  200706010024
200706010027
200706010030
200706010031
200706010032
200706010033
200706010034
200706010038
200706010039
200706010040
200706010041  200706020035
200706010043
200706020001
200706020003
200706020004
200706020005
200706020006
200706020007
200706020008
200706020009
200706020010
200706020011
200706020012
200706020013
200706020014
200706020015
200706020016
200706020018
200706020020
200706020021
200706020022
200706020023
200706020024  200706020025
200706020025  200706020024
200706020033
200706020034
200706020035  200706010041
200706020036
200706020038
200706030001
200706030002
200706030004
200706030005
200706030006
200706030007
200706030008
200706030009
200706030010
200706030012
200706030013
200706030014
200706030015
200706030016
200706030017
200706030018
200706030019
200706030020
200706030021
200706030022
200706030023
200706030024
200706030025
200706030027
200706030031
200706030033
200706030034
200706030035
200706030036
200706030037
200706030039
200706040001
200706040002
200706040003
200706040004
200706040005
200706040006
200706040007
200706040008
200706040009  200706040020
200706040010
200706040011
200706040012
200706040013
200706040014  200706040015
200706040015  200706040014
200706040016  200706040017  200706040018  200706040020
200706040017  200706040016  200706040018  200706040020
200706040018  200706040016  200706040017  200706040020
200706040019  200706040016  200706040017  200706040018
200706040020  200706040009
200706040021
200706040022
200706040023
200706040024
200706040025
200706040026
200706040027
200706040028
200706040029
200706040030
200706040031
200706040032
200706040033
200706040034
200706040035
200706040036  200706040038
200706040037
200706040038  200706040036
200706040040
200706040041
200706040042
200706040044
200706040047
200706040048
200706040049
200706050001
200706050002
200706050004
200706050005
200706050006
200706050007
200706050008
200706050009
200706050010
200706050011
200706050012
200706050013
200706050014
200706050015
200706050016
200706050017
200706050018
200706050019
200706050020
200706050021
200706050022
200706050023
200706050024  200706050025  200706050026
200706050025  200706050024  200706050026
200706050026  200706050024  200706050025
200706050027
200706050029
200706050030
200706050031
200706050032
200706050033
200706050034
200706050035
200706050036
200706050037  200706050038
200706050038  200706050037
200706050040
200706050041
200706050042
200706050043
200706050045  200706050046
200706050046  200706050045
200706050049
200706060001
200706060003
200706060004
200706060005
200706060006
200706060007
200706060008
200706060009  200706060010  200706060011
200706060010  200706060009  200706060011
200706060011  200706060009  200706060010
200706060012
200706060013
200706060015
200706060016
200706060018
200706060020
200706060021
200706060022  200706060026
200706060023
200706060024  200706060025
200706060025  200706060024
200706060026  200706060022
200706060031
200706060032
200706060033
200706060034
200706060035
200706060037
200706060038
200706060039
200706060040
200706060041
200706070001
200706070002
200706070003
200706070004  200706070035
200706070005
200706070006
200706070007
200706070008
200706070009
200706070010
200706070011
200706070012
200706070013
200706070015
200706070016
200706070017
200706070018
200706070019
200706070020
200706070021  200706070022  200706070023  200706070024  200706070025  200706070026  200706070027
200706070022  200706070021  200706070023  200706070024  200706070025  200706070026  200706070027
200706070023  200706070021  200706070022  200706070024  200706070025  200706070026  200706070027
200706070024  200706070021  200706070022  200706070023  200706070025  200706070026  200706070027
200706070025  200706070021  200706070022  200706070023  200706070024  200706070026  200706070027
200706070026  200706070021  200706070022  200706070023  200706070024  200706070025  200706070027
200706070027  200706070021  200706070022  200706070023  200706070024  200706070025  200706070026
200706070028
200706070029
200706070030
200706070031
200706070032
200706070034
200706070035  200706070004
200706070036
200706070037
200706070038
200706070039
200706070042
200706070043
200706070044
200706070046
200706070047
200706070048
200706070050
200706080001
200706080002
200706080003  200706080004
200706080004  200706080003
200706080006
200706080007
200706080008
200706080009
200706080010
200706080011
200706080012  200706080013
200706080013  200706080012
200706080014
200706080015
200706080016
200706080018
200706080019
200706080020
200706080021
200706080022
200706080023
200706080024  200706080025  200706080026  200706080027  200706080028  200706080029  200706080030  200706080031
200706080025  200706080024  200706080026  200706080027  200706080028  200706080029  200706080030  200706080031
200706080026  200706080024  200706080025  200706080027  200706080028  200706080029  200706080030  200706080031
200706080027  200706080024  200706080025  200706080026  200706080028  200706080029  200706080030  200706080031
200706080028  200706080024  200706080025  200706080026  200706080027  200706080029  200706080030  200706080031
200706080029  200706080024  200706080025  200706080026  200706080027  200706080028  200706080030  200706080031
200706080030  200706080024  200706080025  200706080026  200706080027  200706080028  200706080029  200706080031
200706080031  200706080024  200706080025  200706080026  200706080027  200706080028  200706080029  200706080030
200706080032
200706080033
200706080034
200706090001
200706090002
200706090004
200706090006
200706090007
200706090008
200706090009
200706090010
200706090011
200706090012
200706090013
200706090014
200706090015
200706090018
200706090019
200706090020
200706090022
200706090023
200706090024
200706090025
200706090026
200706090027
200706090028
200706090029
200706090030
200706090031
200706090032
200706090033
200706090034
200706090035
200706090037
200706090043
200706090045
200706100003
200706100005
200706100006
200706100007  200706100008
200706100008  200706100007
200706100010
200706100011
200706100012
200706100013
200706100014
200706100015
200706100016
200706100017
200706100018
200706100019
200706100020
200706100021
200706100022
200706100024
200706100025
200706100026
200706100027
200706110001
200706110002
200706110003
200706110004
200706110005
200706110006
200706110007
200706110008
200706110009
200706110010
200706110011
200706110012
200706110013
200706110014
200706110016
200706110017
200706110018  200706110019  200706110020
200706110019  200706110018  200706110020
200706110020  200706110018  200706110019
200706110021
200706110022  200706110023
200706110023  200706110022
200706110024
200706110025
200706110026
200706110027
200706110028
200706110029
200706110030
200706110032
200706110033
200706110035
200706110037
200706110039
200706110040
200706110041
200706110042
200706120001
200706120002
200706120003
200706120004
200706120005
200706120006
200706120007
200706120008
200706120009
200706120010
200706120011
200706120012
200706120013
200706120014
200706120015
200706120016
200706120017
200706120018
200706120019
200706120020
200706120021
200706120022
200706120023
200706120024
200706120025
200706120026
200706120027
200706120028
200706120029
200706120030
200706120031
200706120032
200706120033  200706120034
200706120034  200706120033
200706120036
200706120038
200706120039
200706120040
200706120041
200706120042
200706130001  200706130002
200706130002  200706130001
200706130003
200706130004
200706130005
200706130006
200706130007
200706130008
200706130009
200706130010
200706130011
200706130012
200706130013
200706130015
200706130016
200706130017
200706130018
200706130019
200706130020
200706130021
200706130022  200706130023  200706130025
200706130023  200706130022  200706130025
200706130024
200706130025  200706130022  200706130023
200706130026  200706130027  200706130028  200706130029
200706130027  200706130026  200706130028  200706130029
200706130028  200706130026  200706130027  200706130029
200706130029  200706130026  200706130027  200706130028
200706130030
200706130031
200706130033
200706130034
200706130035
200706130036
200706130037
200706130038
200706130039
200706130040  200706130041  200706130042  200706130043  200706130044  200706130045  200706130046  200706130047  200706130048  200706130049
200706130041  200706130040  200706130042  200706130043  200706130044  200706130045  200706130046  200706130047  200706130048  200706130049
200706130042  200706130040  200706130041  200706130043  200706130044  200706130045  200706130046  200706130047  200706130048  200706130049
200706130043  200706130040  200706130041  200706130042  200706130044  200706130045  200706130046  200706130047  200706130048  200706130049
200706130044  200706130040  200706130041  200706130042  200706130043  200706130045  200706130046  200706130047  200706130048  200706130049
200706130045  200706130040  200706130041  200706130042  200706130043  200706130044  200706130046  200706130047  200706130048  200706130049
200706130046  200706130040  200706130041  200706130042  200706130043  200706130044  200706130045  200706130047  200706130048  200706130049
200706130047  200706130040  200706130041  200706130042  200706130043  200706130044  200706130045  200706130046  200706130048  200706130049
200706130048  200706130040  200706130041  200706130042  200706130043  200706130044  200706130045  200706130046  200706130047  200706130049
200706130049  200706130040  200706130041  200706130042  200706130043  200706130044  200706130045  200706130046  200706130047  200706130048
200706130050  200706130051
200706130051  200706130050
200706130052
200706130053
200706130054
200706130055
200706130056
200706130057
200706130058
200706130059
200706130060
200706130062
200706130065
200706130066
200706130067
200706130068
200706140004
200706140005
200706140006  200706140007  200706140008
200706140007  200706140006  200706140008
200706140008  200706140006  200706140007
200706140009
200706140010
200706140011
200706140012
200706140014
200706140015
200706140016
200706140017
200706140018
200706140019
200706140020
200706140021
200706140022
200706140023
200706140025
200706140026
200706140027
200706140028
200706140030
200706140032
200706140033
200706140034  200706140035
200706140035  200706140034
200706150002
200706150003  200706150004
200706150004  200706150003
200706150007
200706150009
200706150010
200706150012
200706150013
200706150014
200706150016
200706150017
200706150018
200706160001
200706160002
200706160003
200706160004
200706160005
200706170001
200706170002
200706170004
200706170005
200706170007
200706180001
200706180002
200706190001
200706190002
200706190003
200706200001
200706200002
200706200003
200706210001
200706210002
200706210003
200706210004
200706210005
200706220001
200706220002
200706220004
200706230001
200706230002
200706230003
200706240001
200706240002
200706240003
200706240004
200706240006
200706250001
200706250002
200706250003
200706250004
200706250005
200706250007
200706260001
200706260002
200706260003
200706260004
200706260005
200706260006
200706270001
200706270002
200706270003
200706270004
200706270005
200706280001
200706280002
200706280003
200706280004
200706290001
200706290002
200706290003
200706290004  200706290005
200706290005  200706290004
200706300001
200706300002
200706300003
200706300004
200707000001
200707010001
200707010002
200707010003
200707010004
200707010005
200707010006
200707010007
200707020001
200707020002
200707020004
200707020005
200707020006
200707020007
200707020008
200707030001
200707030002
200707030003
200707030004
200707030005
200707030006
200707030009
200707030010
200707030011
200707030013
200707030014
200707030015
200707030016
200707030017
200707030018
200707040001
200707040003
200707040004
200707040005
200707040008
200707040009
200707040010
200707040011
200707040012
200707040013
200707040014
200707040015
200707040016
200707040017
200707050001
200707050002
200707050004
200707050005
200707050006
200707050007
200707050008
200707050010
200707050011
200707050013
200707050014
200707050015
200707050016
200707050017
200707050018
200707060002
200707060003
200707060005
200707060006
200707060007
200707060011
200707060013
200707060017
200707060018
200707060020
200707070001
200707070003
200707070005
200707080001
200707080003
200707080004
200707080005  200707080010
200707080006
200707080007
200707080008
200707080009
200707080010  200707080005
200707090004
200707090005
200707090006
200707090007
200707090010
200707090011
200707090012
200707090013
200707100001
200707100003
200707100004
200707100005
200707100006
200707100007
200707100008
200707100009
200707100010
200707110001
200707110002
200707110003
200707110004
200707110005
200707110007
200707120001
200707120002
200707120003
200707120004
200707120005
200707120006
200707120007
200707120008
200707130001
200707130002
200707130003
200707130005
200707130006
200707140001
200707140002
200707140003
200707150001
200707150002
200707150003
200707150004
200707150005
200707150006
200707150007
200707150008
200707150009
200707150010
200707160002
200707160003
200707160004
200707160005
200707160007
200707160008
200707160009
200707160010
200707170001
200707170002
200707170003
200707170004
200707170005
200707170006
200707180001
200707180002  200707180025
200707180003
200707180004
200707180005
200707180006
200707180007
200707180008
200707180009
200707180010
200707180011
200707180014
200707180016
200707180017
200707180018
200707180020
200707180021
200707180022
200707180023
200707180024
200707180002  200707180025
200707190001
200707190002
200707190003
200707190005
200707200001
200707200002
200707200003
200707200004
200707200005
200707200007
200707200009
200707210001
200707210002
200707210003
200707210004
200707210007
200707210008
200707210009
200707210010
200707210011
200707220001
200707220002
200707220003
200707220004
200707220005
200707230001  200707230007
200707230002
200707230004
200707230006
200707230007  200707230001
200707230008
200707230009
200707230010
200707230011
200707240002
200707240004
200707240009
200707250001
200707250002
200707260001
200707260002
200707270001
200707270003
200707270004
200707270005
200707270006
200707270007
200707280002
200707280003
200707300001
200707300002
200707300003
200707300004
200707300005
200707300006
200707300008
200707300009
200707310001
200707310003
200708010001
200708010002
200708010003
200708010004
200708010006
200708010007
200708010009
200708020001
200708020002
200708020003
200708020004
200708020005
200708030001
200708030002
200708030003
200708030004
200708030006
200708030007
200708030008
200708040001
200708040002
200708050001
200708050002
200708050003
200708050004
200708050005
200708050006
200708050007
200708050008
200708050009
200708050010
200708060002
200708060003
200708060004
200708070001
200708070002
200708070003
200708090001
200708090003
200708100001
200708100002
200708100003
200708100004
200708100005
200708100006
200708100007
200708100008
200708110001
200708110002
200708110003
200708120001
200708120002
200708120003
200708120005
200708120006
200708130001
200708130002
200708130003
200708140001
200708140002
200708140003
200708140004
200708140005
200708150001
200708150002
200708150003
200708150005  200708160008
200708150006
200708160001
200708160002
200708160003
200708160004
200708160005
200708160006
200708160008  200708150005
200708170001
200708170020
200708170021
200708170023
200708170025
200708170027
200708170028
200708170029
200708180020
200708180023
200708180024
200708180025
200708180027
200708180030
200708180031
200708180032
200708180033
200708180034
200708180035
200708190001
200708200002
200708200020
200708200021
200708200022
200708200023
200708200024
200708200025
200708200026
200708200027
200708200028
200708210001
200708210011
200708210020
200708210022
200708210024
200708210026
200708210028
200708210031
200708210032
200708210033
200708220020
200708220022
200708220023
200708220024
200708220026
200708220029
200708220030
200708230001
200708230022
200708230023
200708230025
200708230026
200708240002
200708240020
200708240024
200708240026
200708240028
200708240029
200708240030
200708240032
200708240033
200708240035
200708240037
200708240038
200708240039
200708240040
200708250020
200708250021
200708250023
200708250024
200708250025
200708250026
200708250028
200708250029
200708250030
200708250031
200708250032
200708250033
200708250036
200708260003
200708260004
200708260022
200708260024
200708260027
200708260028
200708270021
200708270023
200708270025
200708270029
200708270030
200708270033
200708270034
200708280022
200708280024
200708280025
200708280028
200708280029
200708280030
200708280032
200708280033
200708280034
200708280039
200708290001
200708290004
200708290021
200708290022
200708290023
200708300001
200708300012
200708300021
200708300022
200708300023
200708300025
200708300026
200708300027
200708300028
200708300029
200708300030
200708310020
200708310021
200708310022
200708310023
200708310024
200708310025
200708310026
200709010001
200709010002
200709010003
200709020001
200709020002
200709020003
200709020004
200709020005
200709020006
200709030001
200709030002
200709030003
200709030004
200709030005
200709030006
200709030007
200709030008
200709030009
200709030010
200709040001  200709040005
200709040002
200709040003
200709040004
200709040005  200709040001
200709050001
200709050002
200709060001  200709060003  200709060004
200709060002
200709060003  200709060001  200709060004
200709060004  200709060001  200709060003
200709070001
200709070002
200709070003
200709070004
200709070005
200709080001
200709080002
200709080003
200709080004
200709080005
200709080006
200709080007
200709080008
200709090001
200709090002
200709100001
200709100002
200709100003
200709100004
200709110001
200709110002
200709110003
200709110004
200709120002
200709120003
200709120004
200709120005
200709130001
200709130002
200709130003
200709140001
200709140002
200709140003
200709140004
200709140005
200709150001
200709150002
200709150003
200709160001
200709160002  200709160006  200709160007  200709170002
200709160003
200709160005
200709160006  200709160002  200709160007  200709170002
200709160007  200709160002  200709160006  200709170002
200709160008
200709160010
200709160011  200709160012
200709160011  200709160012
200709170001
200709170002  200709160002  200709160006  200709160007
200709170003
200709170004
200709170005
200709170006
200709180001
200709180002
200709180003
200709180004
200709180005
200709180006
200709190001
200709190003
200709190005
200709190006
200709190007
200709190008
200709190009
200709200002
200709200003
200709200005
200709200006
200709200007
200709200008
200709210003
200709210004
200709210005
200709210006
200709210007
200709210008
200709220001
200709220002
200709220003
200709220004
200709220005
200709220006
200709220008
200709230001
200709230002
200709230003
200709230004
200709230006
200709230008
200709230009
200709230011
200709240001
200709240002
200709240004
200709240005
200709240006
200709240007
200709240008
200709240010
200709240011
200709240012
200709250001
200709250002
200709250003
200709250004
200709250005
200709250006
200709260001
200709260003
200709260004
200709260005
200709260007
200709260008
200709260009
200709260010
200709260011
200709270001
200709270003
200709270004
200709270005
200709270006
200709270008
200709280001
200709280002
200709290001
200709290002
200709290003
200709290005
200709300002
200709300003
200709300004
200709300005
200710010001  200710010004  200710010005  200710010007  200710010008  200710010009  200710010010
200710010002  200710010011  200710010012
200710010003
200710010004  200710010001  200710010005  200710010007  200710010008  200710010009  200710010010
200710010005  200710010001  200710010004  200710010007  200710010008  200710010009  200710010010
200710010007  200710010001  200710010004  200710010005  200710010008  200710010009  200710010010
200710010008  200710010001  200710010004  200710010005  200710010007  200710010009  200710010010
200710010009  200710010001  200710010004  200710010005  200710010007  200710010008  200710010010
200710010010  200710010001  200710010004  200710010005  200710010007  200710010008  200710010009
200710010011  200710010002  200710010012
200710010012  200710010002  200710010011
200710010013
200710010016
200710010017
200710010018
200710010019
200710010020
200710010021
200710020001  200710020002
200710020002  200710020001
200710020003
200710020004
200710020005
200710020006
200710020007
200710020008
200710020009
200710020010
200710020011
200710020012
200710020014
200710020016
200710030001
200710030002
200710030003
200710030004
200710030005
200710030006
200710030007
200710030008
200710030009
200710030010
200710040001
200710040002
200710040003
200710040004
200710040005
200710040007
200710040008
200710040009
200710040010
200710040011
200710040012
200710040013
200710040015  200710040016
200710040016  200710040015
200710040019
200710040020
200710050001
200710050002
200710050003
200710050004
200710050007
200710060001
200710060004
200710060005
200710060006
200710060007
200710060008
200710060009
200710060010
200710070001
200710070002
200710070004
200710070006
200710080002
200710080004
200710080005
200710080006
200710080008
200710080009
200710080010
200710080011
200710080013
200710080015
200710080016
200710080017
200710080018
200710080019
200710090001
200710090002
200710090003  200710090004
200710090004  200710090003
200710090005
200710090006
200710090007
200710090008
200710090009
200710090011
200710090012
200710090013
200710090014
200710090015
200710090016
200710090017
200710090018
200710090019
200710100003
200710100004
200710100005
200710100006
200710100008
200710100009
200710100010
200710100011
200710100012
200710100014
200710110001
200710110002
200710110003
200710110004
200710110005  200710110006
200710110006  200710110005
200710110007
200710110009
200710110010
200710110011
200710110012
200710110013
200710110015
200710120001
200710120002
200710120003
200710120004
200710120005
200710120006
200710120007
200710130001
200710130002
200710130003
200710130004
200710130006
200710140001
200710140003
200710140004
200710140005
200710140006
200710140007
200710140008
200710140009
200710140010
200710140013
200710150001
200710150002
200710150003
200710150005
200710150006
200710150007
200710150008
200710160001
200710160002  200710160003
200710160003  200710160002
200710160004
200710160005
200710160006
200710160008
200710160009
200710160010
200710160011
200710170001
200710170002
200710170003
200710180001
200710180002
200710180005
200710190001
200710190002
200710190003
200710190004
200710190005
200710190006
200710190007
200710190008
200710190009
200710190010
200710190011
200710190012
200710190015
200710200001
200710200002
200710200003
200710200004
200710200005
200710200006  200710200007
200710200007  200710200006
200710200009
200710200010
200710200011
200710200012
200710210001
200710210002
200710210004
200710210005
200710210006
200710210007
200710210008
200710220001
200710220002
200710220004
200710220005
200710220006
200710220007
200710220008
200710220009
200710220010
200710220011
200710220012
200710220013
200710220014
200710220015
200710230001
200710230003
200710230004
200710230005
200710230006
200710230007
200710230008
200710230010
200710230011
200710230012
200710230013
200710230014
200710230015
200710230016
200710240001
200710240002
200710240003
200710240004
200710240005
200710240006
200710240008
200710240009
200710240010
200710250001
200710250002
200710250003
200710250004
200710250008
200710250010
200710250011
200710250012
200710250013
200710250014  200710250015
200710250015  200710250014
200710260001
200710260002
200710260003
200710260004
200710260006
200710260007
200710260008
200710260009
200710260010
200710260011
200710260012
200710260013
200710260014
200710260015
200710260016
200710260017
200710260018
200710260019
200710270001
200710270002
200710270003
200710270004
200710270005
200710270006
200710270007
200710270008
200710270009
200710270010
200710270011
200710270012
200710270013
200710280001
200710280002
200710280003
200710280004
200710280005
200710280006
200710280007
200710280008
200710280009
200710280010
200710280011
200710280012
200710290001
200710290002
200710290003
200710290004
200710290005
200710290007
200710290009
200710290010
200710290011
200710290012
200710290013
200710290015
200710290016
200710290017
200710300001
200710300002
200710300004
200710300005
200710300006
200710300007
200710300008
200710310001  200710310002  200710310003  200710310004  200710310005  200710310006  200710310007  200710310008  200710310009  200710310010
200710310002  200710310001  200710310003  200710310004  200710310005  200710310006  200710310007  200710310008  200710310009  200710310010
200710310003  200710310001  200710310002  200710310004  200710310005  200710310006  200710310007  200710310008  200710310009  200710310010
200710310004  200710310001  200710310002  200710310003  200710310005  200710310006  200710310007  200710310008  200710310009  200710310010
200710310005  200710310001  200710310002  200710310003  200710310004  200710310006  200710310007  200710310008  200710310009  200710310010
200710310006  200710310001  200710310002  200710310003  200710310004  200710310005  200710310007  200710310008  200710310009  200710310010
200710310007  200710310001  200710310002  200710310003  200710310004  200710310005  200710310006  200710310008  200710310009  200710310010
200710310008  200710310001  200710310002  200710310003  200710310004  200710310005  200710310006  200710310007  200710310009  200710310010
200710310009  200710310001  200710310002  200710310003  200710310004  200710310005  200710310006  200710310007  200710310008  200710310010
200710310010  200710310001  200710310002  200710310003  200710310004  200710310005  200710310006  200710310007  200710310008  200710310009
200710310011
200710310012
200710310013
200710310014
200711010001
200711010002
200711010003
200711010004
200711010005
200711010006
200711010008
200711010009
200711010010
200711010011
200711010013
200711010014
200711020001
200711020002
200711020003
200711020005
200711020006
200711020008
200711020009
200711020011
200711020012
200711020013
200711020014
200711020015
200711020016
200711020018
200711030001
200711030002
200711030003
200711030004
200711030006
200711030007
200711030008
200711030009
200711030010
200711040001
200711040002
200711040003
200711040004
200711040005
200711040006
200711040007
200711040008
200711040009
200711040010
200711040011
200711040012
200711040013
200711040014
200711040016
200711040017
200711040018
200711040019
200711040020
200711040021
200711040022
200711040024
200711050003
200711050004
200711050005
200711050006
200711050010
200711050011
200711050012
200711050013
200711050014
200711050015
200711050016
200711050017
200711050018
200711050019
200711050020
200711050021
200711050022
200711050023
200711050024
200711050025
200711050026
200711050027
200711050028
200711050029
200711050030
200711060002
200711060004
200711060006
200711060007
200711060008
200711060009
200711060010
200711060012
200711060013
200711060014
200711060015
200711060016
200711060017
200711060018
200711060019
200711060020
200711060021
200711060022
200711060023
200711060024
200711060025
200711060026
200711060027
200711070001
200711070003
200711070004
200711070005  200711080017
200711070008
200711070009
200711070010
200711070012
200711070013
200711070014
200711070015
200711080001
200711080002
200711080003
200711080004
200711080005
200711080006
200711080007
200711080008
200711080009
200711080013
200711080015
200711080017  200711070005
200711080019
200711080020
200711080021
200711080022
200711080023
200711080025
200711080026
200711080027
200711080030
200711080031
200711080032
200711080033
200711080034
200711080035
200711080036
200711090001
200711090002
200711090003
200711090004
200711090005
200711090006
200711090007
200711090009
200711090010
200711090011
200711090012
200711090013
200711090014
200711090015
200711090016
200711090018
200711100001
200711100002
200711100004
200711100006
200711100007
200711100009
200711100010
200711100011
200711100014
200711100015
200711100016
200711100017
200711100018
200711100019
200711100020
200711100021
200711100023
200711100024
200711110003
200711110006
200711110008
200711110009
200711110010
200711110011
200711110012
200711110013
200711110014
200711110015
200711110018
200711110019
200711110020
200711110021
200711110022
200711110024
200711110025
200711110026
200711110027
200711110028
200711110030
200711120003
200711120004
200711120005
200711120007
200711120008  200711120009
200711120009  200711120008
200711120010
200711120011
200711120012
200711120013
200711120014
200711120015
200711120016
200711120017
200711120018
200711120019
200711120020
200711120021
200711120022
200711120023
200711120024
200711120025
200711130001
200711130002
200711130003
200711130005
200711130006
200711130008
200711130010
200711130012
200711130013
200711130014
200711130015
200711130016
200711130017
200711130018
200711130019
200711130020
200711130021
200711130022
200711130024
200711130025
200711130026
200711130029
200711140001
200711140003
200711140005
200711140006
200711140008
200711140010
200711140011
200711140012
200711140014
200711140015
200711140017
200711140018
200711140019
200711140020
200711140021
200711140022
200711140023
200711140024
200711140026
200711140027
200711150001
200711150002
200711150003
200711150005
200711150006
200711150007
200711150009
200711150010
200711150011
200711150012
200711150013
200711150014  200711150015  200711150016  200711150017
200711150015  200711150014  200711150016  200711150017
200711150016  200711150014  200711150015  200711150017
200711150017  200711150014  200711150015  200711150016
200711150018
200711160001
200711160002
200711160003
200711160004
200711160005
200711160006
200711160009
200711160010
200711160011
200711160012
200711160013
200711160015
200711160016
200711160017
200711160018
200711160020
200711160023
200711170001
200711170002
200711170004
200711170007
200711170008
200711170009
200711170010
200711170011
200711170012
200711170013
200711170015
200711170016
200711170017
200711170018
200711170019
200711170022
200711180002
200711180003
200711180004
200711180005
200711180006
200711180007
200711180009
200711180010
200711180011
200711180012
200711180013
200711180014
200711180015
200711180017
200711180019
200711180020
200711180021
200711180022
200711180024
200711190001
200711190002
200711190003
200711190005
200711190008
200711190009
200711190010
200711190011
200711190012
200711190013
200711190014
200711190016
200711190017
200711190018
200711190019
200711190020
200711190021
200711190022
200711190023
200711190024
200711190025
200711190026
200711200002
200711200003
200711200004
200711200007
200711200008
200711200010
200711200011
200711200012
200711200013
200711200014
200711200015
200711200016
200711200017
200711200018
200711200019
200711200020
200711200021
200711200022
200711210001
200711210002
200711210003
200711210004
200711210006
200711210007
200711210008
200711210009
200711210010
200711210011
200711210012
200711210013
200711220001
200711220002
200711220003
200711220004
200711220005
200711220006
200711220007
200711220008
200711220009
200711220010
200711220011
200711220012
200711220014
200711220016
200711220017  200711220018
200711220018  200711220017
200711230001
200711230002
200711230003
200711230004
200711230005  200711230008
200711230006
200711230007
200711230008  200711230005
200711230009
200711230010
200711230011
200711230012
200711230013
200711230015
200711230016
200711240001  200711240002  200711240003
200711240002  200711240001  200711240003
200711240003  200711240001  200711240002
200711240004  200711240005
200711240005  200711240004
200711240006
200711240007
200711240008
200711240009
200711240010
200711240011
200711240012
200711240013
200711240014
200711240015
200711240016
200711240017
200711240018
200711240019
200711250001
200711250003
200711250004  200711250005
200711250005  200711250004
200711250006
200711250007  200711250008  200711250009
200711250008  200711250007  200711250009
200711250009  200711250007  200711250008
200711250010
200711250011
200711250012
200711250013
200711250014
200711250015
200711260001
200711260002
200711260003
200711260004
200711260005
200711260006
200711260007
200711260009
200711260010
200711260011
200711260012
200711260013
200711260014
200711260016
200711260017
200711260018
200711260019
200711260020
200711260021
200711260022
200711260023
200711260025
200711260026
200711260027
200711270001
200711270002
200711270003
200711270004
200711270005
200711270006
200711270008
200711270009
200711270011
200711270012
200711270013
200711270014
200711270015
200711270016
200711270017
200711270018
200711270019
200711280001
200711280002  200711280003  200711280004  200711280005  200711280006  200711280007
200711280003  200711280002  200711280004  200711280005  200711280006  200711280007
200711280004  200711280002  200711280003  200711280005  200711280006  200711280007
200711280005  200711280002  200711280003  200711280004  200711280006  200711280007
200711280006  200711280002  200711280003  200711280004  200711280005  200711280007
200711280007  200711280002  200711280003  200711280004  200711280005  200711280006
200711280008
200711280009
200711280010
200711280013
200711280014
200711280016
200711280017
200711280019
200711280021
200711280022
200711290001
200711290002
200711290003
200711290004
200711290005
200711290006
200711290007
200711290009
200711290012
200711290013
200711290014
200711290015
200711290016
200711290017
200711290018
200711290019
200711290020
200711290021
200711290022
200711290023
200711290024
200711290025
200711300001
200711300002
200711300003
200711300004
200711300005
200711990001
200711990002
200711990003
200712010001
200712010002
200712010003
200712010004
200712010005
200712010006
200712010007
200712010008
200712010009
200712010010
200712010011
200712020001
200712020002
200712020003
200712020004
200712030001
200712030002
200712030003
200712030004
200712030005
200712030007
200712040001
200712040002
200712040003
200712040004
200712040005
200712040006
200712040007
200712050001
200712050002
200712050003
200712050004
200712050005
200712050006
200712050007
200712050008
200712060001
200712060002
200712060003
200712060004
200712060005
200712060006
200712060007
200712060008
200712060010
200712070002
200712070003
200712070004
200712070005
200712070006
200712070007
200712070008
200712080001
200712080002
200712080003
200712080004
200712080005
200712080006
200712080007
200712080008
200712080009
200712080010
200712090001
200712090002
200712090003
200712090004
200712090005
200712090006
200712090008
200712090009
200712090010
200712090011
200712100001
200712100002
200712100004
200712100006
200712100007
200712100008
200712100010
200712100011
200712100012
200712100013
200712110001
200712110002
200712110003
200712110004
200712110008
200712110009
200712110010  200712110011
200712110011  200712110010
200712110012
200712110013
200712110014
200712120001
200712120002
200712120003
200712120004
200712120006
200712120007
200712120009
200712120010
200712120011
200712120012
200712130001
200712130002
200712130003
200712130004
200712130006
200712130007
200712130008
200712130009
200712130010
200712130011
200712130012
200712130014
200712140002
200712150001
200712150002
200712150003
200712150004  200712150016
200712150005
200712150006
200712150007
200712150008
200712150009
200712150010
200712150013
200712150015
200712150016  200712150004
200712150017
200712150018
200712150019
200712160001
200712160002  200712160003
200712160003  200712160002
200712170001
200712170002
200712170003
200712170004
200712180001
200712180002  200712180003
200712180003  200712180002
200712180004  200712190001  200712190002  200712200001
200712180005
200712180006
200712190001  200712180004  200712190002  200712200001
200712190002  200712180004  200712190001  200712200001
200712200001  200712180004  200712190001  200712190002
200712200002  200712200003
200712200003  200712200002
200712210001
200712220002
200712230001
200712230002
200712230003  200712230004
200712230004  200712230003
200712230005
200712230006
200712230007
200712230008
200712240001
200712250001
200712250002
200712260001
200712260002  200712260003  200712260005  200712260006  200712260007
200712260003  200712260002  200712260005  200712260006  200712260007
200712260005  200712260002  200712260003  200712260006  200712260007
200712260006  200712260002  200712260003  200712260005  200712260007
200712260007  200712260002  200712260003  200712260005  200712260006
200712270001
200712270002
200712290001
200712310001
200801110001
200801140007
